2.481933594	-0.024169922	50	0.375	0.332142857	0.292857143
2.302490234	0.103491211	50	0.375	0.325	0.3
2.470947266	0.148754883	50	0.375	0.417857143	0.207142857
2.218261719	0.199072266	50	0.375	0.410714286	0.214285714
1.285644531	0.214013672	50	0.375	0.464285714	0.160714286
3.677001953	0.423852539	50	0.375	0.067857143	0.557142857
1.118408203	0.026586914	50	0.375	0.439285714	0.185714286
2.799316406	-0.413525391	50	0.375	0.075	0.55
5.105224609	0.358374023	50	0.375	0.192857143	0.432142857
4.701171875	-0.079101563	50	0.375	0.225	0.4
3.178955078	-0.105249023	50	0.375	0.260714286	0.364285714
2.492919922	-0.157543945	50	0.375	0.228571429	0.396428571
2.508789063	-0.289160156	50	0.375	0.121428571	0.503571429
2.910400391	0.241918945	50	0.375	0.325	0.3
4.371582031	0.291357422	50	0.375	0.442857143	0.182142857
1.37109375	0.319921875	50	0.375	0.396428571	0.228571429
2.748046875	-0.374414063	50	0.375	0.071428571	0.553571429
3.879638672	-0.01340332	50	0.375	0.332142857	0.292857143
4.486328125	0.079101563	50	0.375	0.382142857	0.242857143
3.093505859	0.200170898	50	0.375	0.421428571	0.203571429
1.686035156	0.243896484	50	0.375	0.232142857	0.392857143
4.742675781	-0.415283203	50	0.375	0.021428571	0.603571429
4.099365234	0.426928711	50	0.375	0.410714286	0.214285714
1.240478516	-0.009448242	50	0.375	0.346428571	0.278571429
4.337402344	0.098876953	50	0.375	0.328571429	0.296428571
2.1328125	0.07734375	50	0.375	0.175	0.45
1.837402344	-0.351123047	50	0.375	0.171428571	0.453571429
3.211914063	-0.078222656	50	0.375	0.175	0.45
5.858398438	0.155566406	50	0.375	0.378571429	0.246428571
4.402099609	-0.105688477	50	0.375	0.175	0.45
4.044433594	0.144580078	50	0.375	0.410714286	0.214285714
1.250244141	-0.37331543	50	0.375	0.485714286	0.139285714
2.5625	-0.16875	50	0.375	0.217857143	0.407142857
5.906005859	0.143920898	50	0.375	0.285714286	0.339285714
2.232910156	0.342333984	50	0.375	0.457142857	0.167857143
2.556396484	0.381225586	50	0.375	0.092857143	0.532142857
5.514160156	0.314208984	50	0.375	0.428571429	0.196428571
5.068603516	-0.361010742	50	0.375	0.053571429	0.571428571
4.18359375	0.151171875	50	0.375	0.403571429	0.221428571
5.410400391	-0.208081055	50	0.375	0.167857143	0.457142857
4.865966797	0.079760742	50	0.375	0.382142857	0.242857143
4.781738281	-0.436376953	50	0.375	0.010714286	0.614285714
3.401123047	-0.359692383	50	0.375	0.060714286	0.564285714
5.611816406	-0.019775391	50	0.375	0.321428571	0.303571429
5.139404297	0.297729492	50	0.375	0.460714286	0.164285714
2.258544922	0.362768555	50	0.375	0.289285714	0.335714286
3.878417969	-0.303662109	50	0.375	0.092857143	0.532142857
4.442382813	0.382324219	50	0.375	0.478571429	0.146428571
1.255126953	-0.321459961	50	0.375	0.421428571	0.203571429
2.002197266	-0.048120117	50	0.375	0.325	0.3
2.968994141	-0.12019043	50	0.375	0.260714286	0.364285714
4.604736328	0.130297852	50	0.375	0.182142857	0.442857143
2.557617188	0.264550781	50	0.375	0.382142857	0.242857143
1.303955078	0.232250977	50	0.375	0.382142857	0.242857143
1.385742188	-0.283886719	50	0.375	0.428571429	0.196428571
5.744873047	-0.050317383	50	0.375	0.303571429	0.321428571
1.772705078	-0.189624023	50	0.375	0.210714286	0.414285714
4.171386719	-0.349365234	50	0.375	0.067857143	0.557142857
3.668457031	0.389794922	50	0.375	0.489285714	0.135714286
4.576660156	0.032958984	50	0.375	0.364285714	0.260714286
4.731689453	0.318383789	50	0.375	0.442857143	0.182142857
1.952148438	-0.435058594	50	0.375	0.046428571	0.578571429
1.650634766	-0.069213867	50	0.375	0.310714286	0.314285714
4.900146484	0.015600586	50	0.375	0.307142857	0.317857143
3.054443359	-0.256860352	50	0.375	0.135714286	0.489285714
4.061523438	-0.167871094	50	0.375	0.210714286	0.414285714
4.662109375	0.209179688	50	0.375	0.439285714	0.185714286
5.279785156	0.103271484	50	0.375	0.382142857	0.242857143
1.390625	0.2671875	50	0.375	0.139285714	0.485714286
2.535644531	-0.010986328	50	0.375	0.332142857	0.292857143
4.376464844	-0.175341797	50	0.375	0.192857143	0.432142857
1.236816406	-0.132275391	50	0.375	0.478571429	0.146428571
2.256103516	-0.417260742	50	0.375	0.214285714	0.410714286
4.399658203	0.054711914	50	0.375	0.325	0.3
4.536376953	0.212915039	50	0.375	0.442857143	0.182142857
3.740478516	0.440551758	50	0.375	0.489285714	0.135714286
2.407470703	-0.008569336	50	0.375	0.346428571	0.278571429
5.765625	0.3796875	50	0.375	0.460714286	0.164285714
2.634521484	0.254663086	50	0.375	0.460714286	0.164285714
1.555419922	-0.438793945	50	0.375	0.032142857	0.592857143
4.500976563	0.139746094	50	0.375	0.410714286	0.214285714
2.142578125	0.444726563	50	0.375	0.5	0.125
5.454345703	-0.303881836	50	0.375	0.092857143	0.532142857
1.548095703	-0.050756836	50	0.375	0.189285714	0.435714286
2.765136719	-0.208740234	50	0.375	0.182142857	0.442857143
2.702880859	0.439233398	50	0.375	0.489285714	0.135714286
2.903076172	-0.21730957	50	0.375	0.175	0.45
2.651611328	-0.277514648	50	0.375	0.121428571	0.503571429
2.478271484	0.170288086	50	0.375	0.357142857	0.267857143
5.268798828	0.038891602	50	0.375	0.357142857	0.267857143
5.627685547	0.322338867	50	0.375	0.453571429	0.171428571
1.863037109	-0.056469727	50	0.375	0.242857143	0.382142857
1.247802734	-0.086352539	50	0.375	0.417857143	0.207142857
4.845214844	-0.428466797	50	0.375	0.014285714	0.610714286
5.422607422	0.032299805	50	0.375	0.310714286	0.314285714
3.438964844	0.105908203	50	0.375	0.396428571	0.228571429
4.312988281	-0.183251953	50	0.375	0.189285714	0.435714286
4.920898438	-0.125683594	50	0.375	0.228571429	0.396428571
5.912109375	-0.015820312	50	0.375	0.121428571	0.503571429
5.255371094	0.362548828	50	0.375	0.482142857	0.142857143
5.396972656	-0.410009766	50	0.375	0.021428571	0.603571429
4.674316406	-0.301025391	50	0.375	0.092857143	0.532142857
4.416748047	0.076245117	50	0.375	0.382142857	0.242857143
5.440917969	-0.359912109	50	0.375	0.053571429	0.571428571
4.415527344	0.225439453	50	0.375	0.142857143	0.482142857
4.364257813	0.255761719	50	0.375	0.357142857	0.267857143
2.529541016	-0.269604492	50	0.375	0.128571429	0.496428571
3.005615234	0.117553711	50	0.375	0.364285714	0.260714286
1.498046875	0.300585938	50	0.375	0.464285714	0.160714286
3.980957031	-0.003955078	50	0.375	0.339285714	0.285714286
3.475585938	0.443847656	50	0.375	0.310714286	0.314285714
2.278076172	-0.32980957	50	0.375	0.117857143	0.507142857
4.079833984	0.177319336	50	0.375	0.421428571	0.203571429
2.208496094	0.095361328	50	0.375	0.403571429	0.221428571
3.542724609	0.189624023	50	0.375	0.417857143	0.207142857
3.08984375	-0.439453125	50	0.375	0.025	0.6
3.775878906	-0.153369141	50	0.375	0.225	0.4
4.032226563	-0.282128906	50	0.375	0.110714286	0.514285714
2.945800781	-0.063720703	50	0.375	0.257142857	0.367857143
3.918701172	0.16237793	50	0.375	0.417857143	0.207142857
4.149414063	0.203027344	50	0.375	0.089285714	0.535714286
3.188720703	-0.092944336	50	0.375	0.260714286	0.364285714
1.662841797	0.375073242	50	0.375	0.489285714	0.135714286
5.178466797	-0.426489258	50	0.375	0.014285714	0.610714286
1.749511719	0.227197266	50	0.375	0.403571429	0.221428571
3.298583984	-0.019555664	50	0.375	0.171428571	0.453571429
2.9921875	-0.04921875	50	0.375	0.175	0.45
1.582275391	-0.222143555	50	0.375	0.414285714	0.210714286
5.012451172	-0.37199707	50	0.375	0.046428571	0.578571429
1.675048828	0.292016602	50	0.375	0.464285714	0.160714286
4.786621094	0.109423828	50	0.375	0.364285714	0.260714286
2.716308594	-0.122607422	50	0.375	0.260714286	0.364285714
1.699462891	0.038012695	50	0.375	0.071428571	0.553571429
1.329589844	0.035595703	50	0.375	0.396428571	0.228571429
3.900390625	-0.321679688	50	0.375	0.085714286	0.539285714
2.108398438	0.380566406	50	0.375	0.392857143	0.232142857
2.459960938	-0.160839844	50	0.375	0.228571429	0.396428571
1.388183594	0.228955078	50	0.375	0.460714286	0.164285714
5.0234375	-0.02109375	50	0.375	0.321428571	0.303571429
2.03515625	-0.080859375	50	0.375	0.303571429	0.321428571
1.48828125	0.214453125	50	0.375	0.303571429	0.321428571
2.817626953	-0.040209961	50	0.375	0.314285714	0.310714286
5.614257813	-0.419238281	50	0.375	0.017857143	0.607142857
1.789794922	0.165893555	50	0.375	0.357142857	0.267857143
4.740234375	0.363867187	50	0.375	0.410714286	0.214285714
1.516357422	0.285424805	50	0.375	0.403571429	0.221428571
2.337890625	0.409570313	50	0.375	0.382142857	0.242857143
4.636474609	0.161499023	50	0.375	0.303571429	0.321428571
4.657226563	-0.169628906	50	0.375	0.125	0.5
4.413085938	-0.287402344	50	0.375	0.107142857	0.517857143
5.265136719	0.241259766	50	0.375	0.435714286	0.189285714
5.217529297	0.030541992	50	0.375	0.092857143	0.532142857
3.508544922	0.137768555	50	0.375	0.092857143	0.532142857
5.559326172	-0.30168457	50	0.375	0.092857143	0.532142857
3.730712891	0.009887695	50	0.375	0.303571429	0.321428571
1.090332031	0.319482422	50	0.375	0.521428571	0.103571429
5.477539063	-0.317285156	50	0.375	0.082142857	0.542857143
2.829833984	0.402319336	50	0.375	0.489285714	0.135714286
3.296142578	0.070532227	50	0.375	0.346428571	0.278571429
3.413330078	0.161938477	50	0.375	0.228571429	0.396428571
5.423828125	0.247851563	50	0.375	0.403571429	0.221428571
3.396240234	0.019116211	50	0.375	0.357142857	0.267857143
5.814453125	-0.413085938	50	0.375	0.021428571	0.603571429
2.339111328	0.116235352	50	0.375	0.392857143	0.232142857
4.598632813	-0.433300781	50	0.375	0.010714286	0.614285714
1.269775391	0.284106445	50	0.375	0.046428571	0.578571429
3.182617188	0.152050781	50	0.375	0.410714286	0.214285714
4.018798828	-0.186108398	50	0.375	0.189285714	0.435714286
2.7578125	-0.26015625	50	0.375	0.135714286	0.489285714
3.672119141	0.25949707	50	0.375	0.382142857	0.242857143
1.347900391	0.410668945	50	0.375	0.489285714	0.135714286
3.391357422	-0.052075195	50	0.375	0.307142857	0.317857143
5.497070313	-0.060644531	50	0.375	0.289285714	0.335714286
5.075927734	-0.437915039	50	0.375	0.010714286	0.614285714
3.933349609	-0.021313477	50	0.375	0.325	0.3
5.049072266	-0.034057617	50	0.375	0.210714286	0.414285714
5.873046875	0.413085938	50	0.375	0.464285714	0.160714286
5.663085938	0.387597656	50	0.375	0.453571429	0.171428571
3.510986328	0.214672852	50	0.375	0.442857143	0.182142857
4.464355469	0.251806641	50	0.375	0.171428571	0.453571429
5.326171875	0.258398437	50	0.375	0.457142857	0.167857143
3.569580078	0.415063477	50	0.375	0.410714286	0.214285714
1.192871094	-0.256201172	50	0.375	0.417857143	0.207142857
5.158935547	0.237963867	50	0.375	0.232142857	0.392857143
5.989013672	-0.08371582	50	0.375	0.107142857	0.517857143
1.335693359	0.390014648	50	0.375	0.367857143	0.257142857
5.978027344	0.056689453	50	0.375	0.367857143	0.257142857
5.974365234	-0.135571289	50	0.375	0.228571429	0.396428571
5.516601563	0.153808594	50	0.375	0.335714286	0.289285714
2.859130859	-0.376391602	50	0.375	0.053571429	0.571428571
1.506591797	0.403198242	50	0.375	0.403571429	0.221428571
1.623779297	-0.335083008	50	0.375	0.385714286	0.239285714
2.134033203	0.237524414	50	0.375	0.457142857	0.167857143
1.80078125	-0.179296875	50	0.375	0.314285714	0.310714286
5.371337891	0.052075195	50	0.375	0.367857143	0.257142857
4.681640625	0.156445313	50	0.375	0.410714286	0.214285714
2.579589844	-0.189404297	50	0.375	0.182142857	0.442857143
4.491210938	-0.413964844	50	0.375	0.021428571	0.603571429
4.006591797	-0.046801758	50	0.375	0.310714286	0.314285714
2.022949219	0.332666016	50	0.375	0.471428571	0.153571429
5.483642578	0.014282227	50	0.375	0.346428571	0.278571429
1.679931641	-0.16940918	50	0.375	0.303571429	0.321428571
4.327636719	0.410009766	50	0.375	0.392857143	0.232142857
4.498535156	0.300146484	50	0.375	0.410714286	0.214285714
4.614501953	-0.419897461	50	0.375	0.021428571	0.603571429
4.889160156	0.201708984	50	0.375	0.303571429	0.321428571
4.051757813	-0.250488281	50	0.375	0.135714286	0.489285714
3.602539063	0.020214844	50	0.375	0.225	0.4
1.344238281	0.294873047	50	0.375	0.217857143	0.407142857
1.234375	0.1828125	50	0.375	0.392857143	0.232142857
5.660644531	0.101513672	50	0.375	0.392857143	0.232142857
2.510009766	-0.027026367	50	0.375	0.110714286	0.514285714
1.310058594	0.355517578	50	0.375	0.485714286	0.139285714
3.008056641	0.29465332	50	0.375	0.403571429	0.221428571
5.686279297	0.058666992	50	0.375	0.367857143	0.257142857
3.160644531	-0.348486328	50	0.375	0.071428571	0.553571429
1.419921875	-0.107226563	50	0.375	0.289285714	0.335714286
3.553710938	0.429785156	50	0.375	0.489285714	0.135714286
2.813964844	0.443408203	50	0.375	0.460714286	0.164285714
5.593505859	-0.249829102	50	0.375	0.092857143	0.532142857
5.992675781	0.259716797	50	0.375	0.067857143	0.557142857
2.662597656	-0.311572266	50	0.375	0.096428571	0.528571429
5.488525391	-0.362768555	50	0.375	0.05	0.575
3.922363281	-0.394189453	50	0.375	0.039285714	0.585714286
3.3828125	-0.14765625	50	0.375	0.228571429	0.396428571
2.614990234	-0.402758789	50	0.375	0.039285714	0.585714286
5.837646484	-0.040649414	50	0.375	0.085714286	0.539285714
3.458496094	-0.129638672	50	0.375	0.175	0.45
3.790527344	0.112939453	50	0.375	0.242857143	0.382142857
5.099121094	-0.396826172	50	0.375	0.032142857	0.592857143
1.252685547	0.434838867	50	0.375	0.464285714	0.160714286
5.215087891	-0.088549805	50	0.375	0.257142857	0.367857143
5.58984375	0.010546875	50	0.375	0.346428571	0.278571429
4.461914063	-0.303222656	50	0.375	0.092857143	0.532142857
4.612060547	0.308276367	50	0.375	0.246428571	0.378571429
2.824951172	-0.42824707	50	0.375	0.021428571	0.603571429
2.313476563	-0.366503906	50	0.375	0.071428571	0.553571429
1.201416016	0.166333008	50	0.375	0.410714286	0.214285714
2.190185547	-0.408911133	50	0.375	0.057142857	0.567857143
5.617919922	0.179956055	50	0.375	0.353571429	0.271428571
4.543701172	0.27487793	50	0.375	0.403571429	0.221428571
2.177978516	0.046801758	50	0.375	0.210714286	0.414285714
4.868408203	0.251586914	50	0.375	0.410714286	0.214285714
3.078857422	0.341674805	50	0.375	0.442857143	0.182142857
3.598876953	-0.180834961	50	0.375	0.192857143	0.432142857
5.606933594	0.088330078	50	0.375	0.35	0.275
1.307617188	-0.410449219	50	0.375	0.221428571	0.403571429
4.342285156	0.159521484	50	0.375	0.167857143	0.457142857
4.538818359	-0.158422852	50	0.375	0.210714286	0.414285714
5.445800781	0.386279297	50	0.375	0.478571429	0.146428571
2.436767578	0.281469727	50	0.375	0.417857143	0.207142857
3.377929688	0.370019531	50	0.375	0.403571429	0.221428571
1.610351563	0.406933594	50	0.375	0.464285714	0.160714286
5.549560547	0.027026367	50	0.375	0.35	0.275
5.381103516	0.370239258	50	0.375	0.442857143	0.182142857
1.382080078	0.358813477	50	0.375	0.464285714	0.160714286
5.364013672	-0.42121582	50	0.375	0.017857143	0.607142857
4.872070313	-0.398144531	50	0.375	0.032142857	0.592857143
5.722900391	0.298168945	50	0.375	0.457142857	0.167857143
5.145507813	-0.391113281	50	0.375	0.035714286	0.589285714
5.353027344	0.394189453	50	0.375	0.421428571	0.203571429
3.227783203	0.378149414	50	0.375	0.489285714	0.135714286
5.345703125	0.008789063	50	0.375	0.346428571	0.278571429
5.018554688	0.243457031	50	0.375	0.432142857	0.192857143
2.080322266	-0.287182617	50	0.375	0.278571429	0.346428571
5.086914063	0.034277344	50	0.375	0.364285714	0.260714286
5.558105469	-0.001318359	50	0.375	0.332142857	0.292857143
5.820556641	0.23840332	50	0.375	0.446428571	0.178571429
5.573974609	0.442749023	50	0.375	0.392857143	0.232142857
5.777832031	-0.074267578	50	0.375	0.285714286	0.339285714
1.725097656	-0.367822266	50	0.375	0.114285714	0.510714286
1.062255859	0.397045898	50	0.375	0.392857143	0.232142857
1.740966797	0.192260742	50	0.375	0.392857143	0.232142857
5.862060547	-0.366723633	50	0.375	0.05	0.575
5.715576172	-0.16105957	50	0.375	0.185714286	0.439285714
2.516113281	-0.253564453	50	0.375	0.15	0.475
2.783447266	-0.244995117	50	0.375	0.153571429	0.471428571
5.429931641	-0.39440918	50	0.375	0.032142857	0.592857143
5.097900391	0.185668945	50	0.375	0.421428571	0.203571429
1.134277344	0.253564453	50	0.375	0.417857143	0.207142857
1.496826172	0.09206543	50	0.375	0.403571429	0.221428571
5.08203125	-0.376171875	50	0.375	0.042857143	0.582142857
1.487060547	-0.254223633	50	0.375	0.332142857	0.292857143
4.663330078	0.386938477	50	0.375	0.346428571	0.278571429
5.621582031	-0.383642578	50	0.375	0.039285714	0.585714286
2.409912109	0.070092773	50	0.375	0.382142857	0.242857143
4.801269531	-0.193798828	50	0.375	0.182142857	0.442857143
2.458740234	-0.037133789	50	0.375	0.325	0.3
3.924804688	-0.009667969	50	0.375	0.332142857	0.292857143
4.851318359	-0.102172852	50	0.375	0.092857143	0.532142857
3.309570313	-0.004394531	50	0.375	0.221428571	0.403571429
1.954589844	0.373095703	50	0.375	0.485714286	0.139285714
4.432617188	0.377050781	50	0.375	0.485714286	0.139285714
1.424804688	0.440332031	50	0.375	0.382142857	0.242857143
4.702392578	-0.238842773	50	0.375	0.146428571	0.478571429
5.287109375	-0.353320313	50	0.375	0.053571429	0.571428571
2.790771484	-0.335961914	50	0.375	0.082142857	0.542857143
3.574462891	-0.074487305	50	0.375	0.289285714	0.335714286
4.468017578	0.028344727	50	0.375	0.3	0.325
4.706054688	0.412207031	50	0.375	0.121428571	0.503571429
2.715087891	0.361450195	50	0.375	0.464285714	0.160714286
1.935058594	0.018017578	50	0.375	0.189285714	0.435714286
4.071289063	0.442089844	50	0.375	0.489285714	0.135714286
2.154785156	0.215771484	50	0.375	0.45	0.175
2.696777344	0.084814453	50	0.375	0.392857143	0.232142857
5.538574219	0.206103516	50	0.375	0.428571429	0.196428571
5.157714844	0.077783203	50	0.375	0.382142857	0.242857143
4.765869141	0.34387207	50	0.375	0.464285714	0.160714286
5.792480469	-0.127880859	50	0.375	0.232142857	0.392857143
1.806884766	0.015161133	50	0.375	0.367857143	0.257142857
1.078125	-0.1265625	50	0.375	0.507142857	0.117857143
4.875732422	0.186987305	50	0.375	0.35	0.275
4.10546875	0.390234375	50	0.375	0.339285714	0.285714286
2.262207031	-0.200830078	50	0.375	0.2	0.425
3.48046875	0.277734375	50	0.375	0.303571429	0.321428571
3.454833984	0.064819336	50	0.375	0.382142857	0.242857143
4.153076172	-0.44230957	50	0.375	0.010714286	0.614285714
3.459716797	-0.398364258	50	0.375	0.039285714	0.585714286
4.551025391	-0.194018555	50	0.375	0.071428571	0.553571429
3.532958984	0.078881836	50	0.375	0.364285714	0.260714286
4.526611328	-0.390014648	50	0.375	0.039285714	0.585714286
1.014648438	0.408691406	50	0.375	0.507142857	0.117857143
3.303466797	0.361010742	50	0.375	0.410714286	0.214285714
1.070800781	0.273779297	50	0.375	0.453571429	0.171428571
3.183837891	0.445825195	50	0.375	0.457142857	0.167857143
1.224609375	0.265429688	50	0.375	0.296428571	0.328571429
4.020019531	0.396826172	50	0.375	0.325	0.3
4.660888672	0.40847168	50	0.375	0.432142857	0.192857143
3.976074219	0.037353516	50	0.375	0.285714286	0.339285714
5.040527344	-0.112060547	50	0.375	0.253571429	0.371428571
1.590820313	-0.257519531	50	0.375	0.378571429	0.246428571
1.074462891	0.375512695	50	0.375	0.521428571	0.103571429
4.839111328	-0.333764648	50	0.375	0.071428571	0.553571429
5.43359375	-0.073828125	50	0.375	0.260714286	0.364285714
2.831054688	0.299707031	50	0.375	0.417857143	0.207142857
2.730957031	-0.228955078	50	0.375	0.164285714	0.460714286
5.575195313	0.319042969	50	0.375	0.110714286	0.514285714
3.855224609	-0.316625977	50	0.375	0.089285714	0.535714286
1.786132813	-0.377050781	50	0.375	0.335714286	0.289285714
1.593261719	0.311572266	50	0.375	0.325	0.3
4.729248047	-0.430004883	50	0.375	0.014285714	0.610714286
3.640380859	-0.292016602	50	0.375	0.107142857	0.517857143
3.934570313	-0.116894531	50	0.375	0.153571429	0.471428571
2.489257813	0.368261719	50	0.375	0.328571429	0.296428571
1.949707031	-0.032080078	50	0.375	0.332142857	0.292857143
5.017333984	0.346069336	50	0.375	0.182142857	0.442857143
2.984863281	0.224560547	50	0.375	0.392857143	0.232142857
3.709960938	-0.385839844	50	0.375	0.042857143	0.582142857
2.318359375	0.349804688	50	0.375	0.135714286	0.489285714
3.097167969	-0.050537109	50	0.375	0.296428571	0.328571429
4.918457031	-0.285205078	50	0.375	0.107142857	0.517857143
1.222167969	0.286962891	50	0.375	0.464285714	0.160714286
5.395751953	0.170727539	50	0.375	0.403571429	0.221428571
3.556152344	-0.379248047	50	0.375	0.05	0.575
5.781494141	-0.17644043	50	0.375	0.189285714	0.435714286
2.826171875	-0.191601563	50	0.375	0.189285714	0.435714286
5.998779297	-0.447583008	50	0.375	0.003571429	0.621428571
2.239013672	-0.30871582	50	0.375	0.167857143	0.457142857
5.036865234	0.145678711	50	0.375	0.225	0.4
5.398193359	-0.116235352	50	0.375	0.232142857	0.392857143
4.861083984	-0.413305664	50	0.375	0.021428571	0.603571429
4.005371094	-0.312451172	50	0.375	0.092857143	0.532142857
2.306152344	-0.154248047	50	0.375	0.232142857	0.392857143
5.680175781	-0.134033203	50	0.375	0.228571429	0.396428571
3.294921875	0.230273438	50	0.375	0.403571429	0.221428571
4.743896484	-0.125024414	50	0.375	0.142857143	0.482142857
1.416259766	0.226098633	50	0.375	0.460714286	0.164285714
1.295410156	-0.388916016	50	0.375	0.417857143	0.207142857
2.899414063	0.428027344	50	0.375	0.289285714	0.335714286
2.8359375	-0.07734375	50	0.375	0.289285714	0.335714286
3.858886719	0.381884766	50	0.375	0.421428571	0.203571429
3.706298828	0.320141602	50	0.375	0.464285714	0.160714286
3.5	0	50	0.375	0.346428571	0.278571429
3.780761719	0.255322266	50	0.375	0.457142857	0.167857143
4.322753906	-0.083056641	50	0.375	0.285714286	0.339285714
5.102783203	-0.409350586	50	0.375	0.021428571	0.603571429
4.305664063	-0.162597656	50	0.375	0.210714286	0.414285714
3.310791016	-0.297729492	50	0.375	0.107142857	0.517857143
2.599121094	0.053173828	50	0.375	0.382142857	0.242857143
5.665527344	-0.449560547	50	0.375	0.003571429	0.621428571
3.370605469	-0.057568359	50	0.375	0.303571429	0.321428571
4.253173828	-0.397045898	50	0.375	0.032142857	0.592857143
4.247070313	0.164355469	50	0.375	0.282142857	0.342857143
4.625488281	0.322998047	50	0.375	0.332142857	0.292857143
4.350830078	-0.006811523	50	0.375	0.289285714	0.335714286
2.124267578	0.337719727	50	0.375	0.232142857	0.392857143
5.661865234	0.258178711	50	0.375	0.417857143	0.207142857
1.095214844	-0.203466797	50	0.375	0.439285714	0.185714286
1.753173828	0.052954102	50	0.375	0.389285714	0.235714286
5.020996094	-0.298388672	50	0.375	0.092857143	0.532142857
4.704833984	0.289819336	50	0.375	0.403571429	0.221428571
2.187744141	0.35793457	50	0.375	0.485714286	0.139285714
2.655273438	0.422753906	50	0.375	0.446428571	0.178571429
3.912597656	-0.086572266	50	0.375	0.285714286	0.339285714
1.208740234	0.187866211	50	0.375	0.496428571	0.128571429
3.341308594	-0.235107422	50	0.375	0.153571429	0.471428571
4.876953125	0.430664063	50	0.375	0.414285714	0.210714286
1.991210938	0.036035156	50	0.375	0.285714286	0.339285714
4.880615234	-0.219946289	50	0.375	0.157142857	0.467857143
3.779541016	-0.044604492	50	0.375	0.310714286	0.314285714
4.182373047	-0.331567383	50	0.375	0.075	0.55
1.173339844	0.401220703	50	0.375	0.35	0.275
5.908447266	0.317504883	50	0.375	0.464285714	0.160714286
3.231445313	-0.327832031	50	0.375	0.085714286	0.539285714
2.472167969	-0.388037109	50	0.375	0.05	0.575
4.255615234	0.342553711	50	0.375	0.367857143	0.257142857
3.962646484	0.296850586	50	0.375	0.464285714	0.160714286
3.757568359	-0.186547852	50	0.375	0.121428571	0.503571429
1.499267578	0.000219727	50	0.375	0.428571429	0.196428571
4.215332031	-0.243017578	50	0.375	0.142857143	0.482142857
2.842041016	0.124145508	50	0.375	0.392857143	0.232142857
1.924072266	-0.146557617	50	0.375	0.246428571	0.378571429
3.465820313	0.079980469	50	0.375	0.389285714	0.235714286
2.857910156	-0.220166016	50	0.375	0.171428571	0.453571429
1.401611328	0.397485352	50	0.375	0.232142857	0.392857143
2.264648438	-0.266308594	50	0.375	0.135714286	0.489285714
3.060546875	0.356835938	50	0.375	0.382142857	0.242857143
2.343994141	-0.23269043	50	0.375	0.167857143	0.457142857
5.539794922	0.390893555	50	0.375	0.485714286	0.139285714
3.126464844	-0.400341797	50	0.375	0.039285714	0.585714286
4.974609375	0.040429687	50	0.375	0.260714286	0.364285714
5.000244141	-0.14831543	50	0.375	0.225	0.4
5.971923828	0.193579102	50	0.375	0.285714286	0.339285714
4.248291016	0.433520508	50	0.375	0.457142857	0.167857143
2.940917969	0.090087891	50	0.375	0.392857143	0.232142857
2.281738281	0.013623047	50	0.375	0.364285714	0.260714286
4.4375	-0.05625	50	0.375	0.303571429	0.321428571
4.944091797	-0.328051758	50	0.375	0.075	0.55
3.269287109	0.309155273	50	0.375	0.364285714	0.260714286
5.615478516	-0.121948242	50	0.375	0.171428571	0.453571429
1.906982422	-0.009887695	50	0.375	0.35	0.275
4.435058594	-0.431982422	50	0.375	0.010714286	0.614285714
2.414794922	-0.396606445	50	0.375	0.142857143	0.482142857
3.667236328	-0.150952148	50	0.375	0.217857143	0.407142857
3.426757813	-0.362988281	50	0.375	0.057142857	0.567857143
4.380126953	0.241040039	50	0.375	0.289285714	0.335714286
4.232421875	-0.388476563	50	0.375	0.039285714	0.585714286
5.523925781	0.175341797	50	0.375	0.417857143	0.207142857
4.787841797	0.262573242	50	0.375	0.410714286	0.214285714
5.362792969	-0.120849609	50	0.375	0.242857143	0.382142857
5.23828125	0.439453125	50	0.375	0.457142857	0.167857143
4.375244141	0.41418457	50	0.375	0.464285714	0.160714286
1.356445313	0.009667969	50	0.375	0.378571429	0.246428571
2.772460938	0.232910156	50	0.375	0.182142857	0.442857143
1.595703125	0.233789063	50	0.375	0.439285714	0.185714286
4.962402344	-0.238623047	50	0.375	0.142857143	0.482142857
1.012207031	0.024169922	50	0.375	0.378571429	0.246428571
1.830078125	-0.061523438	50	0.375	0.321428571	0.303571429
1.196533203	-0.268725586	50	0.375	0.478571429	0.146428571
4.140869141	-0.21862793	50	0.375	0.164285714	0.460714286
1.3515625	-0.34453125	50	0.375	0.378571429	0.246428571
2.373291016	0.321020508	50	0.375	0.464285714	0.160714286
4.511962891	0.094262695	50	0.375	0.392857143	0.232142857
4.790283203	0.096899414	50	0.375	0.05	0.575
3.814941406	0.444287109	50	0.375	0.464285714	0.160714286
3.827148438	0.352441406	50	0.375	0.153571429	0.471428571
3.425537109	-0.225219727	50	0.375	0.164285714	0.460714286
4.713378906	0.127880859	50	0.375	0.392857143	0.232142857
3.291259766	-0.111401367	50	0.375	0.260714286	0.364285714
3.000732422	-0.150512695	50	0.375	0.228571429	0.396428571
4.934326172	-0.18918457	50	0.375	0.182142857	0.442857143
3.745361328	-0.418139648	50	0.375	0.021428571	0.603571429
1.809326172	-0.07668457	50	0.375	0.307142857	0.317857143
4.050537109	-0.337719727	50	0.375	0.071428571	0.553571429
5.318847656	-0.170947266	50	0.375	0.192857143	0.432142857
1.770263672	-0.16809082	50	0.375	0.264285714	0.360714286
5.375	-0.3375	50	0.375	0.067857143	0.557142857
5.04296875	0.221484375	50	0.375	0.442857143	0.182142857
3.994384766	0.408911133	50	0.375	0.364285714	0.260714286
5.821777344	-0.027685547	50	0.375	0.228571429	0.396428571
3.585449219	0.163916016	50	0.375	0.392857143	0.232142857
4.850097656	-0.255322266	50	0.375	0.132142857	0.492857143
2.949462891	-0.186987305	50	0.375	0.192857143	0.432142857
3.136230469	0.125244141	50	0.375	0.392857143	0.232142857
4.797607422	0.369799805	50	0.375	0.364285714	0.260714286
2.156005859	0.368920898	50	0.375	0.464285714	0.160714286
1.642089844	-0.020654297	50	0.375	0.346428571	0.278571429
1.928955078	0.119750977	50	0.375	0.410714286	0.214285714
2.359863281	0.337060547	50	0.375	0.446428571	0.178571429
4.291015625	-0.110742187	50	0.375	0.260714286	0.364285714
2.519775391	-0.390893555	50	0.375	0.107142857	0.517857143
2.098632813	0.016699219	50	0.375	0.364285714	0.260714286
1.216064453	0.416821289	50	0.375	0.164285714	0.460714286
3.139892578	0.379907227	50	0.375	0.464285714	0.160714286
1.739746094	0.348486328	50	0.375	0.321428571	0.303571429
2.868896484	-0.012524414	50	0.375	0.285714286	0.339285714
5.588623047	-0.415942383	50	0.375	0.021428571	0.603571429
4.031005859	-0.418579102	50	0.375	0.021428571	0.603571429
5.643554688	0.130957031	50	0.375	0.382142857	0.242857143
5.536132813	-0.152050781	50	0.375	0.217857143	0.407142857
5.656982422	-0.234887695	50	0.375	0.142857143	0.482142857
1.361328125	-0.033398437	50	0.375	0.428571429	0.196428571
5.831542969	0.301025391	50	0.375	0.446428571	0.178571429
1.777587891	0.305200195	50	0.375	0.378571429	0.246428571
3.244873047	0.399682617	50	0.375	0.260714286	0.364285714
1.030517578	0.422094727	50	0.375	0.464285714	0.160714286
2.365966797	-0.370239258	50	0.375	0.164285714	0.460714286
3.214355469	0.026806641	50	0.375	0.3	0.325
4.687744141	-0.09206543	50	0.375	0.260714286	0.364285714
3.523193359	0.446264648	50	0.375	0.442857143	0.182142857
2.165771484	0.001538086	50	0.375	0.353571429	0.271428571
2.882324219	0.290478516	50	0.375	0.410714286	0.214285714
4.555908203	0.420336914	50	0.375	0.464285714	0.160714286
2.453857422	0.004174805	50	0.375	0.132142857	0.492857143
1.576171875	0.033398437	50	0.375	0.382142857	0.242857143
1.035400391	-0.095581055	50	0.375	0.360714286	0.264285714
4.609619141	-0.24675293	50	0.375	0.110714286	0.514285714
3.292480469	0.322119141	50	0.375	0.417857143	0.207142857
1.843505859	-0.024829102	50	0.375	0.278571429	0.346428571
3.141113281	-0.141064453	50	0.375	0.232142857	0.392857143
4.148193359	0.108764648	50	0.375	0.392857143	0.232142857
2.455078125	0.275976562	50	0.375	0.232142857	0.392857143
5.887695313	-0.187207031	50	0.375	0.182142857	0.442857143
3.525634766	0.043286133	50	0.375	0.367857143	0.257142857
2.610107422	0.426049805	50	0.375	0.428571429	0.196428571
4.02734375	0.179296875	50	0.375	0.332142857	0.292857143
2.671142578	0.408032227	50	0.375	0.332142857	0.292857143
3.384033203	-0.437475586	50	0.375	0.014285714	0.610714286
4.80859375	-0.411328125	50	0.375	0.021428571	0.603571429
2.479492188	0.081738281	50	0.375	0.392857143	0.232142857
4.319091797	0.009448242	50	0.375	0.346428571	0.278571429
4.763427734	0.068334961	50	0.375	0.217857143	0.407142857
1.010986328	-0.235327148	50	0.375	0.428571429	0.196428571
5.499511719	0.002197266	50	0.375	0.339285714	0.285714286
3.088623047	0.034057617	50	0.375	0.367857143	0.257142857
2.901855469	-0.366943359	50	0.375	0.107142857	0.517857143
1.242919922	0.067456055	50	0.375	0.460714286	0.164285714
4.200683594	0.172705078	50	0.375	0.289285714	0.335714286
2.832275391	0.002856445	50	0.375	0.35	0.275
3.521972656	0.152490234	50	0.375	0.389285714	0.235714286
2.971435547	0.181713867	50	0.375	0.425	0.2
5.047851563	-0.324316406	50	0.375	0.075	0.55
1.570068359	-0.130297852	50	0.375	0.303571429	0.321428571
2.101074219	-0.075146484	50	0.375	0.303571429	0.321428571
3.7734375	0.20390625	50	0.375	0.432142857	0.192857143
2.291503906	0.113818359	50	0.375	0.35	0.275
5.425048828	0.067016602	50	0.375	0.378571429	0.246428571
2.778564453	0.135571289	50	0.375	0.410714286	0.214285714
5.460449219	-0.398583984	50	0.375	0.032142857	0.592857143
4.581542969	-0.373974609	50	0.375	0.046428571	0.578571429
5.311523438	0.057128906	50	0.375	0.321428571	0.303571429
4.503417969	-0.191162109	50	0.375	0.182142857	0.442857143
3.646484375	0.448242188	50	0.375	0.403571429	0.221428571
2.024169922	0.039331055	50	0.375	0.382142857	0.242857143
1.681152344	0.408251953	50	0.375	0.485714286	0.139285714
4.754882813	0.326074219	50	0.375	0.325	0.3
4.209228516	-0.037573242	50	0.375	0.260714286	0.364285714
5.760742188	-0.396386719	50	0.375	0.032142857	0.592857143
2.572265625	-0.251367188	50	0.375	0.15	0.475
1.428466797	-0.201489258	50	0.375	0.417857143	0.207142857
1.819091797	-0.440551758	50	0.375	0.282142857	0.342857143
5.822998047	-0.289379883	50	0.375	0.096428571	0.528571429
4.444824219	-0.440771484	50	0.375	0.010714286	0.614285714
3.751464844	-0.287841797	50	0.375	0.110714286	0.514285714
5.509277344	0.366064453	50	0.375	0.285714286	0.339285714
1.029296875	0.159960938	50	0.375	0.45	0.175
2.789550781	-0.035595703	50	0.375	0.325	0.3
4.276367188	-0.438574219	50	0.375	0.010714286	0.614285714
3.004394531	0.410888672	50	0.375	0.457142857	0.167857143
2.260986328	0.439672852	50	0.375	0.5	0.125
4.575439453	-0.272241211	50	0.375	0.121428571	0.503571429
5.171142578	-0.041967773	50	0.375	0.307142857	0.317857143
5.639892578	-0.070092773	50	0.375	0.210714286	0.414285714
3.6171875	-0.16171875	50	0.375	0.217857143	0.407142857
3.427978516	-0.178198242	50	0.375	0.203571429	0.421428571
1.805664063	0.287402344	50	0.375	0.339285714	0.285714286
2.219482422	0.383862305	50	0.375	0.464285714	0.160714286
3.359619141	-0.02175293	50	0.375	0.285714286	0.339285714
3.596435547	0.069213867	50	0.375	0.382142857	0.242857143
5.796142578	-0.379467773	50	0.375	0.042857143	0.582142857
2.953125	0.4359375	50	0.375	0.421428571	0.203571429
1.866699219	0.135791016	50	0.375	0.417857143	0.207142857
5.503173828	0.277954102	50	0.375	0.442857143	0.182142857
4.736572266	-0.202807617	50	0.375	0.175	0.45
2.6015625	0.33046875	50	0.375	0.378571429	0.246428571
5.439697266	0.120629883	50	0.375	0.396428571	0.228571429
4.718261719	-0.250927734	50	0.375	0.135714286	0.489285714
1.144042969	-0.092724609	50	0.375	0.514285714	0.110714286
2.828613281	0.140185547	50	0.375	0.310714286	0.314285714
4.53515625	0.369140625	50	0.375	0.464285714	0.160714286
5.011230469	-0.212255859	50	0.375	0.135714286	0.489285714
1.678710938	-0.357714844	50	0.375	0.085714286	0.539285714
5.248046875	0.075585938	50	0.375	0.382142857	0.242857143
3.026367188	-0.213574219	50	0.375	0.175	0.45
4.128662109	-0.126782227	50	0.375	0.121428571	0.503571429
3.786865234	-0.079321289	50	0.375	0.285714286	0.339285714
1.690917969	-0.134912109	50	0.375	0.260714286	0.364285714
2.390380859	-0.067016602	50	0.375	0.182142857	0.442857143
1.959472656	0.321240234	50	0.375	0.460714286	0.164285714
1.418701172	-0.28762207	50	0.375	0.167857143	0.457142857
3.435302734	-0.142602539	50	0.375	0.232142857	0.392857143
5.973144531	-0.404736328	50	0.375	0.021428571	0.603571429
2.242675781	0.034716797	50	0.375	0.253571429	0.371428571
1.020751953	0.058227539	50	0.375	0.353571429	0.271428571
3.838134766	-0.350463867	50	0.375	0.067857143	0.557142857
4.533935547	-0.099536133	50	0.375	0.260714286	0.364285714
1.061035156	0.131396484	50	0.375	0.528571429	0.096428571
1.162353516	-0.332885742	50	0.375	0.460714286	0.164285714
3.049560547	-0.422973633	50	0.375	0.075	0.55
2.701660156	0.145458984	50	0.375	0.392857143	0.232142857
2.922607422	-0.417700195	50	0.375	0.028571429	0.596428571
5.718017578	-0.196655273	50	0.375	0.175	0.45
4.367919922	-0.045043945	50	0.375	0.307142857	0.317857143
5.642333984	0.008569336	50	0.375	0.164285714	0.460714286
1.374755859	-0.109204102	50	0.375	0.457142857	0.167857143
5.674072266	-0.371557617	50	0.375	0.046428571	0.578571429
3.919921875	0.342773438	50	0.375	0.471428571	0.153571429
1.229492188	-0.143261719	50	0.375	0.414285714	0.210714286
2.638183594	-0.446044922	50	0.375	0.017857143	0.607142857
1.635986328	-0.122827148	50	0.375	0.35	0.275
2.025390625	0.240820312	50	0.375	0.460714286	0.164285714
2.666259766	-0.448901367	50	0.375	0.010714286	0.614285714
3.352294922	0.447143555	50	0.375	0.485714286	0.139285714
5.578857422	-0.108325195	50	0.375	0.257142857	0.367857143
4.709716797	-0.173364258	50	0.375	0.192857143	0.432142857
2.375732422	-0.263012695	50	0.375	0.135714286	0.489285714
2.314697266	-0.216870117	50	0.375	0.171428571	0.453571429
5.919433594	-0.417919922	50	0.375	0.017857143	0.607142857
1.733642578	0.239282227	50	0.375	0.460714286	0.164285714
1.397949219	0.220166016	50	0.375	0.285714286	0.339285714
1.1171875	0.28828125	50	0.375	0.478571429	0.146428571
2.569824219	-0.328271484	50	0.375	0.089285714	0.535714286
3.971191406	-0.371337891	50	0.375	0.05	0.575
5.340820313	-0.032519531	50	0.375	0.171428571	0.453571429
5.572753906	0.141943359	50	0.375	0.317857143	0.307142857
5.298095703	-0.275756836	50	0.375	0.110714286	0.514285714
4.074951172	-0.20324707	50	0.375	0.178571429	0.446428571
5.383544922	-0.424731445	50	0.375	0.014285714	0.610714286
3.707519531	-0.109423828	50	0.375	0.260714286	0.364285714
5.418945313	-0.271582031	50	0.375	0.117857143	0.507142857
1.561523438	0.282128906	50	0.375	0.464285714	0.160714286
1.177001953	-0.026147461	50	0.375	0.403571429	0.221428571
2.547851563	0.125683594	50	0.375	0.285714286	0.339285714
3.205810547	-0.001098633	50	0.375	0.346428571	0.278571429
1.721435547	-0.043286133	50	0.375	0.167857143	0.457142857
4.771972656	-0.072509766	50	0.375	0.285714286	0.339285714
5.276123047	0.427807617	50	0.375	0.364285714	0.260714286
1.372314453	0.051196289	50	0.375	0.382142857	0.242857143
4.135986328	0.327172852	50	0.375	0.417857143	0.207142857
3.430419922	0.123706055	50	0.375	0.403571429	0.221428571
1.29296875	0.446484375	50	0.375	0.460714286	0.164285714
1.152587891	0.192700195	50	0.375	0.3	0.325
4.436279297	-0.166333008	50	0.375	0.210714286	0.414285714
2.180419922	-0.101293945	50	0.375	0.285714286	0.339285714
4.897705078	-0.077124023	50	0.375	0.210714286	0.414285714
5.141845703	0.314868164	50	0.375	0.385714286	0.239285714
4.287353516	0.229614258	50	0.375	0.417857143	0.207142857
5.313964844	-0.006591797	50	0.375	0.182142857	0.442857143
2.293945313	0.290917969	50	0.375	0.382142857	0.242857143
5.064941406	-0.230712891	50	0.375	0.153571429	0.471428571
4.121337891	-0.172924805	50	0.375	0.203571429	0.421428571
1.776367188	0.011425781	50	0.375	0.364285714	0.260714286
2.546630859	0.017358398	50	0.375	0.364285714	0.260714286
2.723632813	-0.320800781	50	0.375	0.092857143	0.532142857
5.967041016	-0.213354492	50	0.375	0.164285714	0.460714286
1.323486328	0.158422852	50	0.375	0.346428571	0.278571429
3.376708984	0.275756836	50	0.375	0.460714286	0.164285714
3.452392578	-0.013842773	50	0.375	0.332142857	0.292857143
5.486083984	-0.075805664	50	0.375	0.285714286	0.339285714
3.482910156	-0.332666016	50	0.375	0.075	0.55
4.480224609	-0.204125977	50	0.375	0.175	0.45
4.353271484	0.057788086	50	0.375	0.071428571	0.553571429
2.661376953	0.100415039	50	0.375	0.403571429	0.221428571
5.985351563	0.294433594	50	0.375	0.442857143	0.182142857
4.591308594	-0.010107422	50	0.375	0.210714286	0.414285714
2.199951172	0.13425293	50	0.375	0.414285714	0.210714286
1.148925781	0.062841797	50	0.375	0.460714286	0.164285714
2.228027344	0.281689453	50	0.375	0.464285714	0.160714286
3.338867188	0.292675781	50	0.375	0.175	0.45
1.852050781	-0.204345703	50	0.375	0.192857143	0.432142857
4.931884766	0.127661133	50	0.375	0.403571429	0.221428571
5.184570313	0.108105469	50	0.375	0.392857143	0.232142857
5.323730469	0.293994141	50	0.375	0.353571429	0.271428571
4.516845703	-0.022631836	50	0.375	0.321428571	0.303571429
3.926025391	-0.306518555	50	0.375	0.092857143	0.532142857
3.960205078	-0.245874023	50	0.375	0.139285714	0.485714286
3.248535156	0.075146484	50	0.375	0.389285714	0.235714286
1.369873047	-0.162817383	50	0.375	0.285714286	0.339285714
1.983886719	-0.405615234	50	0.375	0.142857143	0.482142857
5.183349609	0.203686523	50	0.375	0.367857143	0.257142857
1.140380859	0.157983398	50	0.375	0.485714286	0.139285714
3.8515625	0.10546875	50	0.375	0.367857143	0.257142857
4.076171875	-0.416601563	50	0.375	0.021428571	0.603571429
3.591552734	-0.395727539	50	0.375	0.039285714	0.585714286
3.996826172	-0.35793457	50	0.375	0.060714286	0.564285714
5.202880859	-0.010766602	50	0.375	0.328571429	0.296428571
1.706787109	0.027905273	50	0.375	0.378571429	0.246428571
4.762207031	0.249169922	50	0.375	0.453571429	0.171428571
1.217285156	-0.177978516	50	0.375	0.367857143	0.257142857
2.043701172	-0.17512207	50	0.375	0.278571429	0.346428571
1.479736328	-0.207202148	50	0.375	0.207142857	0.417857143
5.970703125	0.346289062	50	0.375	0.464285714	0.160714286
2.112060547	-0.141723633	50	0.375	0.25	0.375
4.077392578	-0.126342773	50	0.375	0.246428571	0.378571429
4.9453125	-0.31640625	50	0.375	0.082142857	0.542857143
3.059326172	0.14831543	50	0.375	0.257142857	0.367857143
1.231933594	0.200830078	50	0.375	0.335714286	0.289285714
5.521484375	-0.114257813	50	0.375	0.246428571	0.378571429
2.654052734	0.335522461	50	0.375	0.382142857	0.242857143
5.561767578	-0.281030273	50	0.375	0.107142857	0.517857143
3.193603516	0.426489258	50	0.375	0.410714286	0.214285714
5.991455078	-0.048999023	50	0.375	0.303571429	0.321428571
1.096435547	-0.380786133	50	0.375	0.507142857	0.117857143
3.331542969	-0.148974609	50	0.375	0.228571429	0.396428571
5.924316406	0.373974609	50	0.375	0.485714286	0.139285714
3.629394531	0.298388672	50	0.375	0.464285714	0.160714286
5.16015625	-0.193359375	50	0.375	0.182142857	0.442857143
4.098144531	0.157763672	50	0.375	0.382142857	0.242857143
1.908203125	-0.272460938	50	0.375	0.264285714	0.360714286
4.741455078	0.176000977	50	0.375	0.364285714	0.260714286
3.802734375	-0.367382813	50	0.375	0.053571429	0.571428571
2.013183594	0.116455078	50	0.375	0.410714286	0.214285714
3.28515625	0.144140625	50	0.375	0.289285714	0.335714286
1.672607422	0.257299805	50	0.375	0.353571429	0.271428571
1.024414063	-0.134472656	50	0.375	0.442857143	0.182142857
5.057617188	-0.185449219	50	0.375	0.042857143	0.582142857
3.091064453	-0.145678711	50	0.375	0.232142857	0.392857143
2.462402344	0.211376953	50	0.375	0.2	0.425
1.882568359	0.150952148	50	0.375	0.378571429	0.246428571
5.681396484	-0.406274414	50	0.375	0.021428571	0.603571429
1.085449219	-0.286083984	50	0.375	0.482142857	0.142857143
4.454589844	-0.076904297	50	0.375	0.260714286	0.364285714
2.048583984	0.205444336	50	0.375	0.446428571	0.178571429
3.578125	0.3234375	50	0.375	0.464285714	0.160714286
3.651367188	-0.101074219	50	0.375	0.189285714	0.435714286
1.974121094	-0.284326172	50	0.375	0.128571429	0.496428571
2.85546875	0.165234375	50	0.375	0.153571429	0.471428571
4.688964844	0.330908203	50	0.375	0.464285714	0.160714286
3.260742188	0.053613281	50	0.375	0.367857143	0.257142857
1.0390625	0.04921875	50	0.375	0.489285714	0.135714286
1.145263672	-0.28059082	50	0.375	0.428571429	0.196428571
4.522949219	-0.117333984	50	0.375	0.253571429	0.371428571
5.155273438	-0.027246094	50	0.375	0.321428571	0.303571429
5.188232422	-0.319262695	50	0.375	0.082142857	0.542857143
2.762695313	0.150292969	50	0.375	0.417857143	0.207142857
4.835449219	-0.061083984	50	0.375	0.264285714	0.360714286
2.119384766	-0.378588867	50	0.375	0.1	0.525
1.490722656	-0.156884766	50	0.375	0.253571429	0.371428571
4.828125	-0.3515625	50	0.375	0.060714286	0.564285714
5.334716797	0.389135742	50	0.375	0.253571429	0.371428571
5.708251953	-0.335522461	50	0.375	0.071428571	0.553571429
5.748535156	-0.374853516	50	0.375	0.042857143	0.582142857
3.702636719	0.072509766	50	0.375	0.382142857	0.242857143
4.824462891	0.150512695	50	0.375	0.339285714	0.285714286
2.834716797	-0.060864258	50	0.375	0.303571429	0.321428571
3.009277344	-0.083935547	50	0.375	0.285714286	0.339285714
4.800048828	0.404516602	50	0.375	0.489285714	0.135714286
3.412109375	0.434179687	50	0.375	0.464285714	0.160714286
3.457275391	0.340356445	50	0.375	0.457142857	0.167857143
4.034667969	0.230712891	50	0.375	0.396428571	0.228571429
5.013671875	-0.135351563	50	0.375	0.228571429	0.396428571
5.598388672	0.12722168	50	0.375	0.303571429	0.321428571
5.467773438	0.029003906	50	0.375	0.353571429	0.271428571
1.810546875	-0.318164063	50	0.375	0.107142857	0.517857143
1.910644531	0.326513672	50	0.375	0.403571429	0.221428571
3.496337891	-0.060424805	50	0.375	0.089285714	0.535714286
1.089111328	-0.108764648	50	0.375	0.489285714	0.135714286
5.506835938	-0.428027344	50	0.375	0.010714286	0.614285714
3.220458984	-0.314868164	50	0.375	0.092857143	0.532142857
5.899902344	0.267626953	50	0.375	0.457142857	0.167857143
2.574707031	0.305419922	50	0.375	0.075	0.55
5.937744141	0.13293457	50	0.375	0.403571429	0.221428571
1.33203125	-0.151171875	50	0.375	0.328571429	0.296428571
3.967529297	-0.194458008	50	0.375	0.182142857	0.442857143
2.528320313	-0.088769531	50	0.375	0.285714286	0.339285714
5.152832031	-0.411767578	50	0.375	0.021428571	0.603571429
4.094482422	-0.403637695	50	0.375	0.032142857	0.592857143
2.573486328	-0.066577148	50	0.375	0.303571429	0.321428571
4.7109375	-0.18984375	50	0.375	0.182142857	0.442857143
3.906494141	0.38605957	50	0.375	0.464285714	0.160714286
1.389404297	0.072729492	50	0.375	0.385714286	0.239285714
2.959228516	-0.262573242	50	0.375	0.135714286	0.489285714
3.973632813	-0.095800781	50	0.375	0.071428571	0.553571429
1.113525391	-0.250268555	50	0.375	0.464285714	0.160714286
1.799560547	0.252026367	50	0.375	0.410714286	0.214285714
2.042480469	-0.352880859	50	0.375	0.139285714	0.485714286
2.059570313	0.220605469	50	0.375	0.421428571	0.203571429
5.1796875	-0.44296875	50	0.375	0.007142857	0.617857143
5.694824219	0.234228516	50	0.375	0.253571429	0.371428571
3.899169922	-0.073168945	50	0.375	0.203571429	0.421428571
3.893066406	0.120849609	50	0.375	0.403571429	0.221428571
5.880371094	0.025048828	50	0.375	0.35	0.275
2.010742188	-0.171386719	50	0.375	0.225	0.4
1.987548828	-0.214233398	50	0.375	0.182142857	0.442857143
5.815673828	-0.115795898	50	0.375	0.246428571	0.378571429
1.300292969	0.047900391	50	0.375	0.392857143	0.232142857
4.389892578	0.154907227	50	0.375	0.396428571	0.228571429
1.816650391	0.382543945	50	0.375	0.303571429	0.321428571
1.904541016	0.067895508	50	0.375	0.392857143	0.232142857
2.295166016	0.025708008	50	0.375	0.367857143	0.257142857
1.625	-0.1125	50	0.375	0.278571429	0.346428571
2.391601563	-0.183691406	50	0.375	0.210714286	0.414285714
3.763671875	0.089648438	50	0.375	0.303571429	0.321428571
1.450439453	0.290258789	50	0.375	0.464285714	0.160714286
2.976318359	0.010327148	50	0.375	0.35	0.275
3.198486328	-0.404077148	50	0.375	0.042857143	0.582142857
2.898193359	0.333764648	50	0.375	0.464285714	0.160714286
1.311279297	0.171166992	50	0.375	0.442857143	0.182142857
5.954833984	-0.385180664	50	0.375	0.039285714	0.585714286
1.444335938	0.190722656	50	0.375	0.414285714	0.210714286
2.491699219	-0.426708984	50	0.375	0.142857143	0.482142857
2.0546875	-0.33046875	50	0.375	0.092857143	0.532142857
5.620361328	0.144360352	50	0.375	0.410714286	0.214285714
5.709472656	0.096240234	50	0.375	0.392857143	0.232142857
4.024902344	-0.069873047	50	0.375	0.171428571	0.453571429
5.555664063	0.062402344	50	0.375	0.160714286	0.464285714
4.488769531	-0.025048828	50	0.375	0.321428571	0.303571429
1.715332031	0.206982422	50	0.375	0.45	0.175
5.458007813	0.340136719	50	0.375	0.464285714	0.160714286
4.114013672	0.25378418	50	0.375	0.457142857	0.167857143
4.951416016	0.391333008	50	0.375	0.485714286	0.139285714
3.624511719	-0.335302734	50	0.375	0.075	0.55
3.847900391	-0.039331055	50	0.375	0.285714286	0.339285714
1.979003906	0.057568359	50	0.375	0.382142857	0.242857143
2.019287109	-0.365844727	50	0.375	0.225	0.4
2.593017578	0.140844727	50	0.375	0.346428571	0.278571429
3.684326172	0.03581543	50	0.375	0.346428571	0.278571429
4.626708984	0.050756836	50	0.375	0.367857143	0.257142857
2.304931641	0.39309082	50	0.375	0.464285714	0.160714286
2.583251953	0.226977539	50	0.375	0.453571429	0.171428571
5.401855469	0.083056641	50	0.375	0.382142857	0.242857143
2.539306641	-0.12722168	50	0.375	0.260714286	0.364285714
3.583007813	-0.222363281	50	0.375	0.164285714	0.460714286
4.211669922	0.095581055	50	0.375	0.260714286	0.364285714
4.559570313	-0.229394531	50	0.375	0.05	0.575
4.8671875	0.06328125	50	0.375	0.378571429	0.246428571
1.228271484	-0.054711914	50	0.375	0.339285714	0.285714286
3.828369141	0.17512207	50	0.375	0.421428571	0.203571429
2.960449219	0.051416016	50	0.375	0.378571429	0.246428571
3.799072266	0.190942383	50	0.375	0.425	0.2
1.964355469	-0.198193359	50	0.375	0.25	0.375
2.236572266	0.247192383	50	0.375	0.260714286	0.364285714
4.410644531	-0.123486328	50	0.375	0.221428571	0.403571429
2.560058594	-0.319482422	50	0.375	0.092857143	0.532142857
3.937011719	0.170947266	50	0.375	0.367857143	0.257142857
2.793212891	-0.158862305	50	0.375	0.210714286	0.414285714
4.531494141	0.04855957	50	0.375	0.367857143	0.257142857
3.213134766	-0.237963867	50	0.375	0.153571429	0.471428571
4.453369141	0.28762207	50	0.375	0.464285714	0.160714286
2.070556641	0.01340332	50	0.375	0.364285714	0.260714286
1.767822266	0.219067383	50	0.375	0.421428571	0.203571429
2.057128906	0.268505859	50	0.375	0.464285714	0.160714286
2.710205078	-0.020874023	50	0.375	0.332142857	0.292857143
5.290771484	0.114038086	50	0.375	0.396428571	0.228571429
5.802246094	-0.270263672	50	0.375	0.117857143	0.507142857
5.344482422	0.271362305	50	0.375	0.442857143	0.182142857
3.731933594	-0.249169922	50	0.375	0.135714286	0.489285714
3.252197266	0.176879883	50	0.375	0.417857143	0.207142857
2.917724609	0.077124023	50	0.375	0.392857143	0.232142857
4.758544922	-0.087231445	50	0.375	0.278571429	0.346428571
3.927246094	0.067236328	50	0.375	0.382142857	0.242857143
4.853759766	-0.392651367	50	0.375	0.035714286	0.589285714
2.525878906	-0.378369141	50	0.375	0.053571429	0.571428571
5.376220703	-0.036694336	50	0.375	0.310714286	0.314285714
5.200439453	0.065258789	50	0.375	0.378571429	0.246428571
5.473876953	0.381665039	50	0.375	0.307142857	0.317857143
4.332519531	-0.446923828	50	0.375	0.007142857	0.617857143
4.012695313	0.375292969	50	0.375	0.453571429	0.171428571
1.373535156	-0.262353516	50	0.375	0.157142857	0.467857143
1.933837891	-0.229174805	50	0.375	0.175	0.45
4.405761719	0.142822266	50	0.375	0.410714286	0.214285714
4.651123047	-0.134692383	50	0.375	0.232142857	0.392857143
1.997314453	0.388696289	50	0.375	0.485714286	0.139285714
5.022216797	-0.004614258	50	0.375	0.310714286	0.314285714
1.317382813	-0.405175781	50	0.375	0.178571429	0.446428571
5.493408203	0.139086914	50	0.375	0.260714286	0.364285714
2.197509766	-0.195776367	50	0.375	0.207142857	0.417857143
4.647460938	0.345410156	50	0.375	0.403571429	0.221428571
2.973876953	-0.068334961	50	0.375	0.303571429	0.321428571
5.084472656	0.433740234	50	0.375	0.489285714	0.135714286
3.9296875	0.23203125	50	0.375	0.05	0.575
5.788818359	0.066577148	50	0.375	0.328571429	0.296428571
5.174804688	0.215332031	50	0.375	0.382142857	0.242857143
3.135009766	-0.364526367	50	0.375	0.064285714	0.560714286
1.107421875	0.399023437	50	0.375	0.482142857	0.142857143
5.47265625	0.200390625	50	0.375	0.403571429	0.221428571
3.355957031	-0.116455078	50	0.375	0.260714286	0.364285714
5.670410156	-0.276416016	50	0.375	0.110714286	0.514285714
5.239501953	0.142602539	50	0.375	0.410714286	0.214285714
1.578613281	-0.084814453	50	0.375	0.303571429	0.321428571
1.711669922	-0.354418945	50	0.375	0.378571429	0.246428571
4.968505859	-0.137329102	50	0.375	0.2	0.425
5.797363281	0.168310547	50	0.375	0.271428571	0.353571429
5.987792969	-0.233349609	50	0.375	0.146428571	0.478571429
3.403564453	0.248071289	50	0.375	0.428571429	0.196428571
5.213867188	-0.269824219	50	0.375	0.117857143	0.507142857
1.649414063	-0.246972656	50	0.375	0.267857143	0.357142857
3.567138672	0.38034668	50	0.375	0.192857143	0.432142857
1.828857422	-0.333325195	50	0.375	0.182142857	0.442857143
4.505859375	-0.156445313	50	0.375	0.092857143	0.532142857
1.531005859	0.031420898	50	0.375	0.242857143	0.382142857
4.822021484	0.310913086	50	0.375	0.414285714	0.210714286
1.888671875	-0.022851562	50	0.375	0.346428571	0.278571429
2.475830078	-0.119311523	50	0.375	0.182142857	0.442857143
3.156982422	0.215112305	50	0.375	0.264285714	0.360714286
5.812011719	-0.391552734	50	0.375	0.032142857	0.592857143
3.276611328	-0.165014648	50	0.375	0.217857143	0.407142857
4.306884766	-0.434838867	50	0.375	0.010714286	0.614285714
1.970458984	0.360131836	50	0.375	0.389285714	0.235714286
4.187255859	-0.390454102	50	0.375	0.039285714	0.585714286
1.452880859	-0.235766602	50	0.375	0.225	0.4
5.599609375	0.377929688	50	0.375	0.421428571	0.203571429
1.186767578	-0.393530273	50	0.375	0.15	0.475
5.123535156	-0.037353516	50	0.375	0.310714286	0.314285714
1.760498047	0.441870117	50	0.375	0.464285714	0.160714286
5.909667969	-0.106787109	50	0.375	0.257142857	0.367857143
2.226806641	-0.07097168	50	0.375	0.225	0.4
5.835205078	0.091625977	50	0.375	0.382142857	0.242857143
3.902832031	0.263232422	50	0.375	0.346428571	0.278571429
2.245117188	0.433300781	50	0.375	0.160714286	0.464285714
5.110107422	-0.023950195	50	0.375	0.153571429	0.471428571
3.587890625	0.184570313	50	0.375	0.382142857	0.242857143
4.784179688	-0.051855469	50	0.375	0.303571429	0.321428571
3.108154297	-0.180395508	50	0.375	0.203571429	0.421428571
5.923095703	-0.163256836	50	0.375	0.203571429	0.421428571
3.633056641	0.40715332	50	0.375	0.260714286	0.364285714
4.735351563	-0.380566406	50	0.375	0.042857143	0.582142857
2.773681641	0.08371582	50	0.375	0.392857143	0.232142857
4.76953125	0.017578125	50	0.375	0.35	0.275
5.346923828	0.306079102	50	0.375	0.107142857	0.517857143
2.40625	-0.309375	50	0.375	0.107142857	0.517857143
2.068115234	0.398803711	50	0.375	0.464285714	0.160714286
5.172363281	0.280810547	50	0.375	0.364285714	0.260714286
4.49609375	-0.242578125	50	0.375	0.139285714	0.485714286
2.209716797	0.276635742	50	0.375	0.464285714	0.160714286
1.687255859	0.059545898	50	0.375	0.392857143	0.232142857
3.79296875	-0.003515625	50	0.375	0.210714286	0.414285714
1.400390625	0.128320313	50	0.375	0.417857143	0.207142857
3.590332031	-0.130517578	50	0.375	0.242857143	0.382142857
1.334472656	0.208740234	50	0.375	0.417857143	0.207142857
5.417724609	-0.372875977	50	0.375	0.046428571	0.578571429
2.988525391	0.087231445	50	0.375	0.367857143	0.257142857
3.006835938	0.021972656	50	0.375	0.364285714	0.260714286
4.460693359	-0.397485352	50	0.375	0.032142857	0.592857143
2.706542969	-0.261474609	50	0.375	0.135714286	0.489285714
3.033691406	0.134912109	50	0.375	0.221428571	0.403571429
2.066894531	0.129638672	50	0.375	0.135714286	0.489285714
1.759277344	0.141064453	50	0.375	0.260714286	0.364285714
4.725585938	0.218847656	50	0.375	0.260714286	0.364285714
3.905273438	0.197753906	50	0.375	0.425	0.2
1.333251953	-0.448022461	50	0.375	0.475	0.15
5.045410156	-0.163916016	50	0.375	0.210714286	0.414285714
5.051513672	0.08503418	50	0.375	0.339285714	0.285714286
3.807617188	0.039550781	50	0.375	0.367857143	0.257142857
2.212158203	0.110961914	50	0.375	0.403571429	0.221428571
3.984619141	-0.13425293	50	0.375	0.171428571	0.453571429
2.086425781	-0.105908203	50	0.375	0.285714286	0.339285714
5.714355469	-0.423193359	50	0.375	0.014285714	0.610714286
2.629638672	-0.23840332	50	0.375	0.164285714	0.460714286
5.772949219	0.107666016	50	0.375	0.310714286	0.314285714
3.258300781	0.442529297	50	0.375	0.485714286	0.139285714
5.783935547	0.125463867	50	0.375	0.346428571	0.278571429
5.197998047	-0.176879883	50	0.375	0.189285714	0.435714286
3.741699219	-0.201708984	50	0.375	0.182142857	0.442857143
2.203613281	-0.422314453	50	0.375	0.167857143	0.457142857
1.213623047	-0.303442383	50	0.375	0.160714286	0.464285714
3.685546875	0.244335938	50	0.375	0.260714286	0.364285714
4.299560547	-0.197973633	50	0.375	0.121428571	0.503571429
2.947021484	-0.251586914	50	0.375	0.146428571	0.478571429
2.722412109	-0.436157227	50	0.375	0.107142857	0.517857143
3.861328125	0.416601562	50	0.375	0.442857143	0.182142857
2.148681641	-0.25378418	50	0.375	0.175	0.45
3.866210938	-0.076464844	50	0.375	0.285714286	0.339285714
2.220703125	0.121289062	50	0.375	0.385714286	0.239285714
4.425292969	-0.064599609	50	0.375	0.289285714	0.335714286
5.895019531	-0.165673828	50	0.375	0.196428571	0.428571429
3.725830078	-0.344311523	50	0.375	0.071428571	0.553571429
1.981445313	0.347167969	50	0.375	0.485714286	0.139285714
5.752197266	-0.273120117	50	0.375	0.110714286	0.514285714
1.147705078	-0.302124023	50	0.375	0.507142857	0.117857143
5.016113281	0.196435547	50	0.375	0.425	0.2
4.668212891	-0.046362305	50	0.375	0.207142857	0.417857143
2.616210938	-0.301464844	50	0.375	0.117857143	0.507142857
5.6484375	-0.35859375	50	0.375	0.053571429	0.571428571
1.316162109	-0.295532227	50	0.375	0.396428571	0.228571429
4.111572266	-0.315307617	50	0.375	0.089285714	0.535714286
2.494140625	-0.349804688	50	0.375	0.075	0.55
5.475097656	-0.142822266	50	0.375	0.225	0.4
5.626464844	0.049658203	50	0.375	0.232142857	0.392857143
3.547607422	-0.305200195	50	0.375	0.092857143	0.532142857
2.607666016	-0.368041992	50	0.375	0.064285714	0.560714286
1.841064453	0.079321289	50	0.375	0.232142857	0.392857143
3.027587891	-0.369799805	50	0.375	0.057142857	0.567857143
4.400878906	-0.265869141	50	0.375	0.121428571	0.503571429
2.182861328	-0.024389648	50	0.375	0.339285714	0.285714286
1.544433594	-0.305419922	50	0.375	0.371428571	0.253571429
4.193359375	0.237304688	50	0.375	0.442857143	0.182142857
2.550292969	-0.177099609	50	0.375	0.107142857	0.517857143
3.946777344	0.309814453	50	0.375	0.453571429	0.171428571
2.751708984	0.163256836	50	0.375	0.417857143	0.207142857
3.081298828	0.432641602	50	0.375	0.382142857	0.242857143
2.029052734	-0.001977539	50	0.375	0.310714286	0.314285714
5.278564453	-0.314428711	50	0.375	0.085714286	0.539285714
4.518066406	0.233349609	50	0.375	0.446428571	0.178571429
3.690429688	-0.136230469	50	0.375	0.107142857	0.517857143
3.540283203	-0.128100586	50	0.375	0.246428571	0.378571429
3.821044922	-0.255981445	50	0.375	0.135714286	0.489285714
5.074707031	-0.144580078	50	0.375	0.225	0.4
3.058105469	0.448681641	50	0.375	0.496428571	0.128571429
5.818115234	0.173803711	50	0.375	0.385714286	0.239285714
