Id 	 gr 	 gf 	 gl 	 r 	 prop phase 1 	 prop phase 2 	 prop phase 3 
phaseproportion_mechadapt237_	2.0	0.0	50.0	2.390625	0.0	0.9769230769230769	0.023076923076923078
phaseproportion_mechadapt28_	2.0	0.0	50.0	0.42500000000000004	0.9461538461538461	0.0	0.05384615384615385
phaseproportion_mechadapt118_	2.0	0.0	50.0	0.7562500000000001	0.45384615384615384	0.2692307692307692	0.27692307692307694
phaseproportion_mechadapt142_	2.0	0.0	50.0	4.296875	0.0	1.0	0.0
phaseproportion_mechadapt234_	2.0	0.0	50.0	3.890625	0.0	1.0	0.0
phaseproportion_mechadapt7_	2.0	0.0	50.0	0.30000000000000004	1.0	0.0	0.0
phaseproportion_mechadapt87_	2.0	0.0	50.0	0.39375000000000004	0.9846153846153847	0.0	0.015384615384615385
phaseproportion_mechadapt19_	2.0	0.0	50.0	0.47500000000000003	0.8153846153846154	0.03076923076923077	0.15384615384615385
phaseproportion_mechadapt245_	2.0	0.0	50.0	2.765625	0.0	0.9923076923076923	0.007692307692307693
phaseproportion_mechadapt243_	2.0	0.0	50.0	4.265625	0.0	1.0	0.0
phaseproportion_mechadapt16_	2.0	0.0	50.0	0.275	1.0	0.0	0.0
phaseproportion_mechadapt35_	2.0	0.0	50.0	0.4375	0.9153846153846154	0.0	0.08461538461538462
phaseproportion_mechadapt95_	2.0	0.0	50.0	0.24375000000000002	1.0	0.0	0.0
phaseproportion_mechadapt252_	2.0	0.0	50.0	2.515625	0.0	0.9769230769230769	0.023076923076923078
phaseproportion_mechadapt62_	2.0	0.0	50.0	0.6125	0.5461538461538461	0.23846153846153847	0.2153846153846154
phaseproportion_mechadapt224_	2.0	0.0	50.0	1.203125	0.24615384615384617	0.5615384615384615	0.19230769230769232
phaseproportion_mechadapt25_	2.0	0.0	50.0	0.7250000000000001	0.47692307692307695	0.24615384615384617	0.27692307692307694
phaseproportion_mechadapt91_	2.0	0.0	50.0	0.54375	0.6538461538461539	0.14615384615384616	0.2
phaseproportion_mechadapt70_	2.0	0.0	50.0	0.71875	0.47692307692307695	0.24615384615384617	0.27692307692307694
phaseproportion_mechadapt51_	2.0	0.0	50.0	0.4625	0.8538461538461538	0.015384615384615385	0.13076923076923078
phaseproportion_mechadapt2_	2.0	0.0	50.0	0.8	0.4230769230769231	0.3	0.27692307692307694
phaseproportion_mechadapt61_	2.0	0.0	50.0	0.8125	0.4230769230769231	0.2923076923076923	0.2846153846153846
phaseproportion_mechadapt251_	2.0	0.0	50.0	4.515625	0.0	1.0	0.0
phaseproportion_mechadapt253_	2.0	0.0	50.0	2.015625	0.0	0.9461538461538461	0.05384615384615385
phaseproportion_mechadapt37_	2.0	0.0	50.0	0.9375	0.36153846153846153	0.35384615384615387	0.2846153846153846
phaseproportion_mechadapt125_	2.0	0.0	50.0	0.8062500000000001	0.4230769230769231	0.3	0.27692307692307694
phaseproportion_mechadapt240_	2.0	0.0	50.0	1.390625	0.17692307692307693	0.6615384615384615	0.16153846153846155
phaseproportion_mechadapt15_	2.0	0.0	50.0	0.25	1.0	0.0	0.0
phaseproportion_mechadapt63_	2.0	0.0	50.0	0.21250000000000002	1.0	0.0	0.0
phaseproportion_mechadapt36_	2.0	0.0	50.0	0.5375000000000001	0.6615384615384615	0.13846153846153847	0.2
phaseproportion_mechadapt220_	2.0	0.0	50.0	2.703125	0.0	0.9923076923076923	0.007692307692307693
phaseproportion_mechadapt117_	2.0	0.0	50.0	0.95625	0.35384615384615387	0.36923076923076925	0.27692307692307694
phaseproportion_mechadapt217_	2.0	0.0	50.0	1.703125	0.08461538461538462	0.8307692307692308	0.08461538461538462
phaseproportion_mechadapt85_	2.0	0.0	50.0	0.9937500000000001	0.3384615384615385	0.3923076923076923	0.2692307692307692
phaseproportion_mechadapt206_	2.0	0.0	50.0	4.328125	0.0	1.0	0.0
phaseproportion_mechadapt218_	2.0	0.0	50.0	3.703125	0.0	1.0	0.0
phaseproportion_mechadapt238_	2.0	0.0	50.0	4.390625	0.0	1.0	0.0
phaseproportion_mechadapt196_	2.0	0.0	50.0	2.078125	0.0	0.9538461538461539	0.046153846153846156
phaseproportion_mechadapt198_	2.0	0.0	50.0	4.578125	0.0	1.0	0.0
phaseproportion_mechadapt43_	2.0	0.0	50.0	0.5875	0.5846153846153846	0.2076923076923077	0.2076923076923077
phaseproportion_mechadapt57_	2.0	0.0	50.0	0.7125000000000001	0.4846153846153846	0.24615384615384617	0.2692307692307692
phaseproportion_mechadapt163_	2.0	0.0	50.0	4.234375	0.0	1.0	0.0
phaseproportion_mechadapt60_	2.0	0.0	50.0	0.41250000000000003	0.9538461538461539	0.0	0.046153846153846156
phaseproportion_mechadapt82_	2.0	0.0	50.0	0.89375	0.3923076923076923	0.3153846153846154	0.2923076923076923
phaseproportion_mechadapt83_	2.0	0.0	50.0	0.49375	0.7615384615384615	0.06923076923076923	0.16923076923076924
phaseproportion_mechadapt26_	2.0	0.0	50.0	0.925	0.3769230769230769	0.3230769230769231	0.3
phaseproportion_mechadapt1_	2.0	0.0	50.0	0.6000000000000001	0.5615384615384615	0.2230769230769231	0.2153846153846154
phaseproportion_mechadapt79_	2.0	0.0	50.0	0.26875000000000004	1.0	0.0	0.0
phaseproportion_mechadapt178_	2.0	0.0	50.0	3.359375	0.0	1.0	0.0
phaseproportion_mechadapt69_	2.0	0.0	50.0	0.91875	0.3769230769230769	0.3230769230769231	0.3
phaseproportion_mechadapt23_	2.0	0.0	50.0	0.375	1.0	0.0	0.0
phaseproportion_mechadapt54_	2.0	0.0	50.0	0.7625	0.45384615384615384	0.2692307692307692	0.27692307692307694
phaseproportion_mechadapt21_	2.0	0.0	50.0	0.9750000000000001	0.35384615384615387	0.3769230769230769	0.2692307692307692
phaseproportion_mechadapt168_	2.0	0.0	50.0	1.734375	0.08461538461538462	0.8307692307692308	0.08461538461538462
phaseproportion_mechadapt67_	2.0	0.0	50.0	0.41875	0.9538461538461539	0.0	0.046153846153846156
phaseproportion_mechadapt116_	2.0	0.0	50.0	0.55625	0.6307692307692307	0.16923076923076924	0.2
phaseproportion_mechadapt13_	2.0	0.0	50.0	0.8500000000000001	0.4153846153846154	0.3	0.2846153846153846
phaseproportion_mechadapt248_	2.0	0.0	50.0	1.765625	0.07692307692307693	0.8461538461538461	0.07692307692307693
phaseproportion_mechadapt228_	2.0	0.0	50.0	2.140625	0.0	0.9538461538461539	0.046153846153846156
phaseproportion_mechadapt175_	2.0	0.0	50.0	3.484375	0.0	1.0	0.0
phaseproportion_mechadapt126_	2.0	0.0	50.0	0.60625	0.5615384615384615	0.2230769230769231	0.2153846153846154
phaseproportion_mechadapt169_	2.0	0.0	50.0	1.984375	0.0	0.9461538461538461	0.05384615384615385
phaseproportion_mechadapt236_	2.0	0.0	50.0	2.890625	0.0	0.9923076923076923	0.007692307692307693
phaseproportion_mechadapt52_	2.0	0.0	50.0	0.5625	0.6307692307692307	0.16923076923076924	0.2
phaseproportion_mechadapt86_	2.0	0.0	50.0	0.79375	0.4230769230769231	0.3	0.27692307692307694
phaseproportion_mechadapt132_	2.0	0.0	50.0	2.046875	0.0	0.9538461538461539	0.046153846153846156
phaseproportion_mechadapt76_	2.0	0.0	50.0	0.46875	0.8384615384615385	0.023076923076923078	0.13846153846153847
phaseproportion_mechadapt244_	2.0	0.0	50.0	2.265625	0.0	0.9692307692307692	0.03076923076923077
phaseproportion_mechadapt200_	2.0	0.0	50.0	1.578125	0.12307692307692308	0.7615384615384615	0.11538461538461539
phaseproportion_mechadapt242_	2.0	0.0	50.0	3.265625	0.0	1.0	0.0
phaseproportion_mechadapt45_	2.0	0.0	50.0	0.8875	0.3923076923076923	0.3153846153846154	0.2923076923076923
phaseproportion_mechadapt80_	2.0	0.0	50.0	0.29375	1.0	0.0	0.0
phaseproportion_mechadapt239_	2.0	0.0	50.0	3.390625	0.0	1.0	0.0
phaseproportion_mechadapt99_	2.0	0.0	50.0	0.43125	0.9230769230769231	0.0	0.07692307692307693
phaseproportion_mechadapt46_	2.0	0.0	50.0	0.6875	0.49230769230769234	0.24615384615384617	0.26153846153846155
phaseproportion_mechadapt136_	2.0	0.0	50.0	1.546875	0.13846153846153847	0.7461538461538462	0.11538461538461539
phaseproportion_mechadapt90_	2.0	0.0	50.0	0.9437500000000001	0.35384615384615387	0.36153846153846153	0.2846153846153846
phaseproportion_mechadapt156_	2.0	0.0	50.0	2.671875	0.0	0.9923076923076923	0.007692307692307693
phaseproportion_mechadapt157_	2.0	0.0	50.0	2.171875	0.0	0.9615384615384616	0.038461538461538464
phaseproportion_mechadapt39_	2.0	0.0	50.0	0.3375	1.0	0.0	0.0
phaseproportion_mechadapt210_	2.0	0.0	50.0	3.453125	0.0	1.0	0.0
phaseproportion_mechadapt108_	2.0	0.0	50.0	0.48125	0.7923076923076923	0.046153846153846156	0.16153846153846155
phaseproportion_mechadapt211_	2.0	0.0	50.0	4.453125	0.0	1.0	0.0
phaseproportion_mechadapt49_	2.0	0.0	50.0	0.6625000000000001	0.5076923076923077	0.24615384615384617	0.24615384615384617
phaseproportion_mechadapt88_	2.0	0.0	50.0	0.34375	1.0	0.0	0.0
phaseproportion_mechadapt24_	2.0	0.0	50.0	0.325	1.0	0.0	0.0
phaseproportion_mechadapt226_	2.0	0.0	50.0	3.140625	0.0	1.0	0.0
phaseproportion_mechadapt230_	2.0	0.0	50.0	4.640625	0.0	1.0	0.0
phaseproportion_mechadapt170_	2.0	0.0	50.0	3.984375	0.0	1.0	0.0
phaseproportion_mechadapt160_	2.0	0.0	50.0	1.171875	0.25384615384615383	0.5230769230769231	0.2230769230769231
phaseproportion_mechadapt119_	2.0	0.0	50.0	0.35625	1.0	0.0	0.0
phaseproportion_mechadapt34_	2.0	0.0	50.0	0.8375000000000001	0.4153846153846154	0.3	0.2846153846153846
phaseproportion_mechadapt216_	2.0	0.0	50.0	1.953125	0.015384615384615385	0.9307692307692308	0.05384615384615385
phaseproportion_mechadapt153_	2.0	0.0	50.0	1.671875	0.09230769230769231	0.8153846153846154	0.09230769230769231
phaseproportion_mechadapt41_	2.0	0.0	50.0	0.7875000000000001	0.4230769230769231	0.3	0.27692307692307694
phaseproportion_mechadapt100_	2.0	0.0	50.0	0.53125	0.6846153846153846	0.12307692307692308	0.19230769230769232
phaseproportion_mechadapt241_	2.0	0.0	50.0	1.265625	0.2230769230769231	0.6	0.17692307692307693
phaseproportion_mechadapt110_	2.0	0.0	50.0	0.68125	0.49230769230769234	0.25384615384615383	0.25384615384615383
phaseproportion_mechadapt193_	2.0	0.0	50.0	1.078125	0.2923076923076923	0.46923076923076923	0.23846153846153847
phaseproportion_mechadapt12_	2.0	0.0	50.0	0.45	0.8769230769230769	0.0	0.12307692307692308
phaseproportion_mechadapt227_	2.0	0.0	50.0	4.140625	0.0	1.0	0.0
phaseproportion_mechadapt180_	2.0	0.0	50.0	2.359375	0.0	0.9769230769230769	0.023076923076923078
phaseproportion_mechadapt208_	2.0	0.0	50.0	1.328125	0.2	0.6307692307692307	0.16923076923076924
phaseproportion_mechadapt203_	2.0	0.0	50.0	4.828125	0.0	1.0	0.0
phaseproportion_mechadapt112_	2.0	0.0	50.0	0.25625000000000003	1.0	0.0	0.0
phaseproportion_mechadapt18_	2.0	0.0	50.0	0.875	0.3923076923076923	0.3153846153846154	0.2923076923076923
phaseproportion_mechadapt120_	2.0	0.0	50.0	0.30625	1.0	0.0	0.0
phaseproportion_mechadapt207_	2.0	0.0	50.0	3.328125	0.0	1.0	0.0
phaseproportion_mechadapt190_	2.0	0.0	50.0	4.109375	0.0	1.0	0.0
phaseproportion_mechadapt105_	2.0	0.0	50.0	0.78125	0.4461538461538462	0.27692307692307694	0.27692307692307694
phaseproportion_mechadapt246_	2.0	0.0	50.0	4.765625	0.0	1.0	0.0
phaseproportion_mechadapt171_	2.0	0.0	50.0	4.984375	0.0	1.0	0.0
phaseproportion_mechadapt29_	2.0	0.0	50.0	0.825	0.4230769230769231	0.2923076923076923	0.2846153846153846
phaseproportion_mechadapt81_	2.0	0.0	50.0	0.6937500000000001	0.49230769230769234	0.24615384615384617	0.26153846153846155
phaseproportion_mechadapt201_	2.0	0.0	50.0	1.828125	0.06923076923076923	0.8538461538461538	0.07692307692307693
phaseproportion_mechadapt195_	2.0	0.0	50.0	4.078125	0.0	1.0	0.0
phaseproportion_mechadapt77_	2.0	0.0	50.0	0.8687500000000001	0.4	0.3076923076923077	0.2923076923076923
phaseproportion_mechadapt212_	2.0	0.0	50.0	2.453125	0.0	0.9769230769230769	0.023076923076923078
phaseproportion_mechadapt20_	2.0	0.0	50.0	0.575	0.6	0.19230769230769232	0.2076923076923077
phaseproportion_mechadapt50_	2.0	0.0	50.0	0.8625	0.4	0.3076923076923077	0.2923076923076923
phaseproportion_mechadapt109_	2.0	0.0	50.0	0.8812500000000001	0.3923076923076923	0.3153846153846154	0.2923076923076923
phaseproportion_mechadapt187_	2.0	0.0	50.0	4.609375	0.0	1.0	0.0
phaseproportion_mechadapt225_	2.0	0.0	50.0	1.140625	0.27692307692307694	0.5	0.2230769230769231
phaseproportion_mechadapt149_	2.0	0.0	50.0	2.921875	0.0	0.9923076923076923	0.007692307692307693
phaseproportion_mechadapt172_	2.0	0.0	50.0	2.984375	0.0	0.9923076923076923	0.007692307692307693
phaseproportion_mechadapt176_	2.0	0.0	50.0	1.484375	0.15384615384615385	0.7230769230769231	0.12307692307692308
phaseproportion_mechadapt194_	2.0	0.0	50.0	3.078125	0.0	1.0	0.0
phaseproportion_mechadapt255_	2.0	0.0	50.0	3.015625	0.0	0.9923076923076923	0.007692307692307693
phaseproportion_mechadapt64_	2.0	0.0	50.0	0.21875	1.0	0.0	0.0
phaseproportion_mechadapt17_	2.0	0.0	50.0	0.675	0.5	0.25384615384615383	0.24615384615384617
phaseproportion_mechadapt186_	2.0	0.0	50.0	3.609375	0.0	1.0	0.0
phaseproportion_mechadapt96_	2.0	0.0	50.0	0.23125	1.0	0.0	0.0
phaseproportion_mechadapt191_	2.0	0.0	50.0	3.109375	0.0	1.0	0.0
phaseproportion_mechadapt139_	2.0	0.0	50.0	4.796875	0.0	1.0	0.0
phaseproportion_mechadapt147_	2.0	0.0	50.0	4.421875	0.0	1.0	0.0
phaseproportion_mechadapt148_	2.0	0.0	50.0	2.421875	0.0	0.9769230769230769	0.023076923076923078
phaseproportion_mechadapt204_	2.0	0.0	50.0	2.828125	0.0	0.9923076923076923	0.007692307692307693
phaseproportion_mechadapt59_	2.0	0.0	50.0	0.5125	0.7307692307692307	0.09230769230769231	0.17692307692307693
phaseproportion_mechadapt102_	2.0	0.0	50.0	0.73125	0.46153846153846156	0.26153846153846155	0.27692307692307694
phaseproportion_mechadapt94_	2.0	0.0	50.0	0.64375	0.5153846153846153	0.25384615384615383	0.23076923076923078
phaseproportion_mechadapt71_	2.0	0.0	50.0	0.31875000000000003	1.0	0.0	0.0
phaseproportion_mechadapt113_	2.0	0.0	50.0	0.65625	0.5076923076923077	0.25384615384615383	0.23846153846153847
phaseproportion_mechadapt199_	2.0	0.0	50.0	3.578125	0.0	1.0	0.0
phaseproportion_mechadapt4_	2.0	0.0	50.0	0.5	0.7692307692307693	0.06923076923076923	0.16153846153846155
phaseproportion_mechadapt161_	2.0	0.0	50.0	1.234375	0.23076923076923078	0.5846153846153846	0.18461538461538463
phaseproportion_mechadapt103_	2.0	0.0	50.0	0.33125000000000004	1.0	0.0	0.0
phaseproportion_mechadapt55_	2.0	0.0	50.0	0.36250000000000004	1.0	0.0	0.0
phaseproportion_mechadapt185_	2.0	0.0	50.0	1.609375	0.1076923076923077	0.7769230769230769	0.11538461538461539
phaseproportion_mechadapt128_	2.0	0.0	50.0	1.03125	0.3153846153846154	0.4307692307692308	0.25384615384615383
phaseproportion_mechadapt250_	2.0	0.0	50.0	3.515625	0.0	1.0	0.0
phaseproportion_mechadapt53_	2.0	0.0	50.0	0.9625000000000001	0.35384615384615387	0.3769230769230769	0.2692307692307692
phaseproportion_mechadapt98_	2.0	0.0	50.0	0.83125	0.4153846153846154	0.3	0.2846153846153846
phaseproportion_mechadapt123_	2.0	0.0	50.0	0.5062500000000001	0.7384615384615385	0.08461538461538462	0.17692307692307693
phaseproportion_mechadapt129_	2.0	0.0	50.0	1.046875	0.3076923076923077	0.4461538461538462	0.24615384615384617
phaseproportion_mechadapt222_	2.0	0.0	50.0	4.203125	0.0	1.0	0.0
phaseproportion_mechadapt104_	2.0	0.0	50.0	0.38125000000000003	0.9923076923076923	0.0	0.007692307692307693
phaseproportion_mechadapt181_	2.0	0.0	50.0	2.859375	0.0	0.9923076923076923	0.007692307692307693
phaseproportion_mechadapt5_	2.0	0.0	50.0	0.9000000000000001	0.38461538461538464	0.3230769230769231	0.2923076923076923
phaseproportion_mechadapt219_	2.0	0.0	50.0	4.703125	0.0	1.0	0.0
phaseproportion_mechadapt165_	2.0	0.0	50.0	2.734375	0.0	0.9923076923076923	0.007692307692307693
phaseproportion_mechadapt122_	2.0	0.0	50.0	0.90625	0.38461538461538464	0.3153846153846154	0.3
phaseproportion_mechadapt0_	2.0	0.0	50.0	0.2	1.0	0.0	0.0
phaseproportion_mechadapt127_	2.0	0.0	50.0	1.0	0.3384615384615385	0.4	0.26153846153846155
phaseproportion_mechadapt247_	2.0	0.0	50.0	3.765625	0.0	1.0	0.0
phaseproportion_mechadapt182_	2.0	0.0	50.0	4.859375	0.0	1.0	0.0
phaseproportion_mechadapt111_	2.0	0.0	50.0	0.28125	1.0	0.0	0.0
phaseproportion_mechadapt58_	2.0	0.0	50.0	0.9125000000000001	0.3769230769230769	0.3230769230769231	0.3
phaseproportion_mechadapt121_	2.0	0.0	50.0	0.70625	0.4846153846153846	0.24615384615384617	0.2692307692307692
phaseproportion_mechadapt141_	2.0	0.0	50.0	2.296875	0.0	0.9692307692307692	0.03076923076923077
phaseproportion_mechadapt143_	2.0	0.0	50.0	3.296875	0.0	1.0	0.0
phaseproportion_mechadapt14_	2.0	0.0	50.0	0.65	0.5153846153846153	0.24615384615384617	0.23846153846153847
phaseproportion_mechadapt215_	2.0	0.0	50.0	3.953125	0.0	1.0	0.0
phaseproportion_mechadapt154_	2.0	0.0	50.0	3.671875	0.0	1.0	0.0
phaseproportion_mechadapt188_	2.0	0.0	50.0	2.609375	0.0	0.9846153846153847	0.015384615384615385
phaseproportion_mechadapt189_	2.0	0.0	50.0	2.109375	0.0	0.9538461538461539	0.046153846153846156
phaseproportion_mechadapt144_	2.0	0.0	50.0	1.296875	0.2076923076923077	0.6230769230769231	0.16923076923076924
phaseproportion_mechadapt192_	2.0	0.0	50.0	1.109375	0.2846153846153846	0.4846153846153846	0.23076923076923078
phaseproportion_mechadapt84_	2.0	0.0	50.0	0.59375	0.5692307692307692	0.2230769230769231	0.2076923076923077
phaseproportion_mechadapt174_	2.0	0.0	50.0	4.484375	0.0	1.0	0.0
phaseproportion_mechadapt179_	2.0	0.0	50.0	4.359375	0.0	1.0	0.0
phaseproportion_mechadapt31_	2.0	0.0	50.0	0.225	1.0	0.0	0.0
phaseproportion_mechadapt89_	2.0	0.0	50.0	0.7437500000000001	0.46153846153846156	0.26153846153846155	0.27692307692307694
phaseproportion_mechadapt10_	2.0	0.0	50.0	0.95	0.35384615384615387	0.36923076923076925	0.27692307692307694
phaseproportion_mechadapt146_	2.0	0.0	50.0	3.421875	0.0	1.0	0.0
phaseproportion_mechadapt40_	2.0	0.0	50.0	0.3875	0.9923076923076923	0.0	0.007692307692307693
phaseproportion_mechadapt223_	2.0	0.0	50.0	3.203125	0.0	1.0	0.0
phaseproportion_mechadapt65_	2.0	0.0	50.0	0.61875	0.5461538461538461	0.23846153846153847	0.2153846153846154
phaseproportion_mechadapt11_	2.0	0.0	50.0	0.55	0.6461538461538462	0.16153846153846155	0.19230769230769232
phaseproportion_mechadapt66_	2.0	0.0	50.0	0.8187500000000001	0.4230769230769231	0.2923076923076923	0.2846153846153846
phaseproportion_mechadapt166_	2.0	0.0	50.0	4.734375	0.0	1.0	0.0
phaseproportion_mechadapt106_	2.0	0.0	50.0	0.98125	0.35384615384615387	0.3769230769230769	0.2692307692307692
phaseproportion_mechadapt27_	2.0	0.0	50.0	0.525	0.6923076923076923	0.11538461538461539	0.19230769230769232
phaseproportion_mechadapt32_	2.0	0.0	50.0	0.23750000000000002	1.0	0.0	0.0
phaseproportion_mechadapt184_	2.0	0.0	50.0	1.859375	0.06153846153846154	0.8615384615384616	0.07692307692307693
phaseproportion_mechadapt209_	2.0	0.0	50.0	1.453125	0.15384615384615385	0.7076923076923077	0.13846153846153847
phaseproportion_mechadapt38_	2.0	0.0	50.0	0.7375	0.46153846153846156	0.26153846153846155	0.27692307692307694
phaseproportion_mechadapt75_	2.0	0.0	50.0	0.5687500000000001	0.6	0.19230769230769232	0.2076923076923077
phaseproportion_mechadapt93_	2.0	0.0	50.0	0.84375	0.4153846153846154	0.3	0.2846153846153846
phaseproportion_mechadapt229_	2.0	0.0	50.0	2.640625	0.0	0.9846153846153847	0.015384615384615385
phaseproportion_mechadapt107_	2.0	0.0	50.0	0.58125	0.5923076923076923	0.2	0.2076923076923077
phaseproportion_mechadapt97_	2.0	0.0	50.0	0.6312500000000001	0.5384615384615384	0.23846153846153847	0.2230769230769231
phaseproportion_mechadapt140_	2.0	0.0	50.0	2.796875	0.0	0.9923076923076923	0.007692307692307693
phaseproportion_mechadapt152_	2.0	0.0	50.0	1.921875	0.038461538461538464	0.9	0.06153846153846154
phaseproportion_mechadapt177_	2.0	0.0	50.0	1.359375	0.18461538461538463	0.6538461538461539	0.16153846153846155
phaseproportion_mechadapt92_	2.0	0.0	50.0	0.44375000000000003	0.9	0.0	0.1
phaseproportion_mechadapt134_	2.0	0.0	50.0	4.546875	0.0	1.0	0.0
phaseproportion_mechadapt155_	2.0	0.0	50.0	4.671875	0.0	1.0	0.0
phaseproportion_mechadapt9_	2.0	0.0	50.0	0.75	0.46153846153846156	0.26153846153846155	0.27692307692307694
phaseproportion_mechadapt115_	2.0	0.0	50.0	0.45625000000000004	0.8769230769230769	0.007692307692307693	0.11538461538461539
phaseproportion_mechadapt138_	2.0	0.0	50.0	3.796875	0.0	1.0	0.0
phaseproportion_mechadapt254_	2.0	0.0	50.0	4.015625	0.0	1.0	0.0
phaseproportion_mechadapt56_	2.0	0.0	50.0	0.3125	1.0	0.0	0.0
phaseproportion_mechadapt205_	2.0	0.0	50.0	2.328125	0.0	0.9692307692307692	0.03076923076923077
phaseproportion_mechadapt101_	2.0	0.0	50.0	0.9312500000000001	0.36923076923076925	0.3384615384615385	0.2923076923076923
phaseproportion_mechadapt162_	2.0	0.0	50.0	3.234375	0.0	1.0	0.0
phaseproportion_mechadapt145_	2.0	0.0	50.0	1.421875	0.16153846153846155	0.6846153846153846	0.15384615384615385
phaseproportion_mechadapt78_	2.0	0.0	50.0	0.66875	0.5	0.25384615384615383	0.24615384615384617
phaseproportion_mechadapt213_	2.0	0.0	50.0	2.953125	0.0	0.9923076923076923	0.007692307692307693
phaseproportion_mechadapt124_	2.0	0.0	50.0	0.40625	0.9692307692307692	0.0	0.03076923076923077
phaseproportion_mechadapt42_	2.0	0.0	50.0	0.9875	0.3384615384615385	0.3923076923076923	0.2692307692307692
phaseproportion_mechadapt47_	2.0	0.0	50.0	0.28750000000000003	1.0	0.0	0.0
phaseproportion_mechadapt231_	2.0	0.0	50.0	3.640625	0.0	1.0	0.0
phaseproportion_mechadapt159_	2.0	0.0	50.0	3.171875	0.0	1.0	0.0
phaseproportion_mechadapt183_	2.0	0.0	50.0	3.859375	0.0	1.0	0.0
phaseproportion_mechadapt48_	2.0	0.0	50.0	0.2625	1.0	0.0	0.0
phaseproportion_mechadapt214_	2.0	0.0	50.0	4.953125	0.0	1.0	0.0
phaseproportion_mechadapt197_	2.0	0.0	50.0	2.578125	0.0	0.9846153846153847	0.015384615384615385
phaseproportion_mechadapt114_	2.0	0.0	50.0	0.85625	0.4	0.3076923076923077	0.2923076923076923
phaseproportion_mechadapt30_	2.0	0.0	50.0	0.625	0.5384615384615384	0.23846153846153847	0.2230769230769231
phaseproportion_mechadapt8_	2.0	0.0	50.0	0.35000000000000003	1.0	0.0	0.0
phaseproportion_mechadapt3_	2.0	0.0	50.0	0.4	0.9846153846153847	0.0	0.015384615384615385
phaseproportion_mechadapt74_	2.0	0.0	50.0	0.96875	0.35384615384615387	0.3769230769230769	0.2692307692307692
phaseproportion_mechadapt130_	2.0	0.0	50.0	3.046875	0.0	1.0	0.0
phaseproportion_mechadapt164_	2.0	0.0	50.0	2.234375	0.0	0.9692307692307692	0.03076923076923077
phaseproportion_mechadapt22_	2.0	0.0	50.0	0.7750000000000001	0.4461538461538462	0.27692307692307694	0.27692307692307694
phaseproportion_mechadapt44_	2.0	0.0	50.0	0.48750000000000004	0.7769230769230769	0.05384615384615385	0.16923076923076924
phaseproportion_mechadapt249_	2.0	0.0	50.0	1.515625	0.14615384615384616	0.7384615384615385	0.11538461538461539
phaseproportion_mechadapt232_	2.0	0.0	50.0	1.640625	0.1	0.7846153846153846	0.11538461538461539
phaseproportion_mechadapt233_	2.0	0.0	50.0	1.890625	0.05384615384615385	0.8692307692307693	0.07692307692307693
phaseproportion_mechadapt202_	2.0	0.0	50.0	3.828125	0.0	1.0	0.0
phaseproportion_mechadapt68_	2.0	0.0	50.0	0.51875	0.7	0.11538461538461539	0.18461538461538463
phaseproportion_mechadapt173_	2.0	0.0	50.0	2.484375	0.0	0.9769230769230769	0.023076923076923078
phaseproportion_mechadapt235_	2.0	0.0	50.0	4.890625	0.0	1.0	0.0
phaseproportion_mechadapt135_	2.0	0.0	50.0	3.546875	0.0	1.0	0.0
phaseproportion_mechadapt72_	2.0	0.0	50.0	0.36875	1.0	0.0	0.0
phaseproportion_mechadapt167_	2.0	0.0	50.0	3.734375	0.0	1.0	0.0
phaseproportion_mechadapt6_	2.0	0.0	50.0	0.7	0.4846153846153846	0.23846153846153847	0.27692307692307694
phaseproportion_mechadapt131_	2.0	0.0	50.0	4.046875	0.0	1.0	0.0
phaseproportion_mechadapt73_	2.0	0.0	50.0	0.76875	0.45384615384615384	0.2692307692307692	0.27692307692307694
phaseproportion_mechadapt133_	2.0	0.0	50.0	2.546875	0.0	0.9846153846153847	0.015384615384615385
phaseproportion_mechadapt137_	2.0	0.0	50.0	1.796875	0.07692307692307693	0.8461538461538461	0.07692307692307693
phaseproportion_mechadapt33_	2.0	0.0	50.0	0.6375	0.5307692307692308	0.23846153846153847	0.23076923076923078
phaseproportion_mechadapt158_	2.0	0.0	50.0	4.171875	0.0	1.0	0.0
phaseproportion_mechadapt150_	2.0	0.0	50.0	4.921875	0.0	1.0	0.0
phaseproportion_mechadapt221_	2.0	0.0	50.0	2.203125	0.0	0.9615384615384616	0.038461538461538464
phaseproportion_mechadapt151_	2.0	0.0	50.0	3.921875	0.0	1.0	0.0
