3.4267578125	-0.37705078125	91.298828125	0.5535714285714286
2.728515625	-0.2513671875	26.69921875	0.5035714285714286
3.3095703125	-0.25751953125000004	55.439453125	0.49642857142857144
4.4423828125	-0.39111328125	16.767578125	0.7357142857142858
3.275390625	0.32519531250000006	98.41796875	0.1357142857142857
1.5126953125	-0.38408203125	62.470703125	0.19642857142857142
2.5087890625	0.21005859374999997	83.916015625	0.16071428571428573
1.8544921875	-0.23466796875	80.576171875	0.2857142857142857
4.5986328125	0.08701171874999997	98.330078125	0.20714285714285716
2.3525390625	-0.26806640625	30.478515625	0.42857142857142855
2.8115234375	-0.26630859375000004	94.287109375	0.44642857142857145
4.4228515625	0.39990234375000006	53.681640625	0.1357142857142857
3.65625	-0.421875	63.4375	0.6214285714285714
5.873046875	0.36386718749999997	13.69140625	0.29642857142857143
4.1298828125	0.34013671875	56.142578125	0.14285714285714285
1.4052734375	-0.01318359375	80.224609375	0.16785714285714284
1.6103515625	-0.33134765625	14.306640625	0.225
4.76953125	0.221484375	53.2421875	0.18214285714285713
5.8388671875	0.25751953125	70.732421875	0.16071428571428573
1.0341796875	0.22236328125	82.685546875	0.08214285714285714
4.7744140625	-0.0008789062499999778	90.947265625	0.24285714285714285
1.771484375	0.20214843750000006	88.92578125	0.16071428571428573
5.0380859375	0.38759765625000003	49.990234375	0.1392857142857143
1.8349609375	0.23291015625000006	14.833984375	0.2714285714285714
3.34375	-0.365625	24.0625	0.6214285714285714
2.7919921875	0.15908203125000003	97.451171875	0.175
3.83203125	0.052734375000000056	25.1171875	0.35
5.5166015625	0.20302734375000003	39.619140625	0.21428571428571427
1.380859375	-0.3181640625	36.89453125	0.16785714285714284
4.232421875	0.06855468749999999	93.84765625	0.21428571428571427
3.12890625	0.31992187499999997	26.5234375	0.2
5.0625	0.16875	26.875	0.2714285714285714
4.6767578125	-0.15205078125	68.798828125	0.37857142857142856
1.8837890625	0.32255859375	50.166015625	0.16071428571428573
2.40625	-0.19687500000000002	85.9375	0.3964285714285714
3.1484375	0.04921874999999998	45.859375	0.2571428571428571
5.130859375	-0.09316406249999998	14.39453125	0.6142857142857143
3.3486328125	0.31201171875000006	75.830078125	0.1392857142857143
3.01171875	0.42539062499999997	35.6640625	0.1392857142857143
4.6181640625	-0.08525390625000001	31.884765625	0.4357142857142857
1.0830078125	-0.40517578125000003	32.236328125	0.09642857142857143
4.8037109375	0.14853515624999997	79.521484375	0.19642857142857142
1.6640625	-0.41484375	16.328125	0.2392857142857143
2.4990234375	0.23994140625	54.912109375	0.16428571428571428
2.1572265625	-0.17666015624999998	26.962890625	0.36428571428571427
1.322265625	-0.05449218750000001	12.63671875	0.14642857142857144
4.0615234375	-0.04130859375000001	71.787109375	0.2785714285714286
4.53515625	0.34804687500000003	18.0859375	0.23214285714285715
4.1640625	0.03515625	61.328125	0.25357142857142856
1.15625	0.02812500000000001	18.4375	0.11071428571428571
5.39453125	-0.341015625	19.4921875	0.7285714285714285
2.9140625	0.26015625000000003	83.828125	0.16071428571428573
1.6591796875	-0.34013671875	71.435546875	0.2392857142857143
2.7626953125	0.29091796875000003	39.970703125	0.17142857142857143
4.7060546875	-0.29794921875	13.779296875	0.7428571428571429
1.01953125	0.446484375	30.7421875	0.07857142857142857
3.470703125	0.44472656250000003	65.37109375	0.12142857142857143
3.32421875	-0.41835937500000003	86.2890625	0.5857142857142857
1.8203125	0.007031249999999989	97.890625	0.23214285714285715
3.5	0.0	55.0	0.275
2.0107421875	-0.20654296875	72.138671875	0.32142857142857145
2.884765625	0.33925781250000003	29.51171875	0.175
1.869140625	-0.0966796875	33.73046875	0.2892857142857143
2.640625	0.43593750000000003	95.78125	0.11785714285714285
5.5458984375	-0.30849609375	78.818359375	0.5107142857142857
3.6513671875	-0.13623046875	65.107421875	0.3678571428571429
2.81640625	0.03867187500000002	88.3984375	0.22142857142857142
1.21484375	0.326953125	42.6953125	0.125
2.2353515625	0.006152343750000011	48.056640625	0.275
1.3857421875	0.35595703125000006	83.388671875	0.13214285714285715
4.427734375	0.1740234375	57.98828125	0.2
4.046875	-0.2671875	42.34375	0.5464285714285714
3.6953125	0.11953125000000003	19.140625	0.35
2.1328125	-0.04921874999999998	47.265625	0.32142857142857145
5.6435546875	-0.35419921875	41.904296875	0.6214285714285714
3.216796875	0.39199218750000003	44.62890625	0.1392857142857143
4.8427734375	0.26806640625000006	18.349609375	0.275
3.4365234375	0.07119140625000003	60.537109375	0.23214285714285715
2.5869140625	-0.39462890625	96.572265625	0.48214285714285715
5.755859375	0.2443359375	48.14453125	0.18214285714285713
1.13671875	0.08789062500000006	91.9140625	0.10714285714285714
4.203125	0.3796875	33.90625	0.16071428571428573
4.7939453125	-0.29970703125	70.908203125	0.5107142857142857
5.091796875	0.2794921875	55.87890625	0.16071428571428573
5.9267578125	0.07294921874999999	46.298828125	0.2571428571428571
5.2138671875	-0.07998046874999998	81.982421875	0.3
3.8662109375	0.09228515625000006	62.646484375	0.22142857142857142
3.75390625	-0.242578125	15.2734375	0.6607142857142857
5.8046875	-0.03515625	65.546875	0.29642857142857143
4.4033203125	-0.39814453125	75.126953125	0.5892857142857143
3.5244140625	0.22412109375000006	23.447265625	0.24285714285714285
1.3466796875	-0.17138671875	43.310546875	0.15357142857142858
4.0126953125	0.06591796875000006	17.470703125	0.43214285714285716
2.8701171875	-0.10810546874999999	67.919921875	0.3357142857142857
4.6669921875	-0.17841796875	86.201171875	0.37857142857142856
3.041015625	-0.08261718750000002	88.57421875	0.29642857142857143
1.576171875	0.2654296875	51.66015625	0.16071428571428573
4.8916015625	-0.35947265625	28.369140625	0.675
1.5419921875	-0.06591796875	29.951171875	0.2
3.421875	0.29531250000000003	53.59375	0.16071428571428573
5.7265625	0.20390625	78.203125	0.17142857142857143
3.7294921875	-0.34716796875	24.326171875	0.6535714285714286
5.23828125	0.24960937499999997	11.0546875	0.4357142857142857
5.013671875	-0.01582031249999999	68.53515625	0.275
1.6787109375	-0.18896484375	90.771484375	0.24285714285714285
5.560546875	-0.3673828125	64.31640625	0.5821428571428572
2.42578125	0.19335937500000006	16.6796875	0.30357142857142855
5.66796875	0.397265625	21.6015625	0.20357142857142857
1.7861328125	0.36826171874999997	92.705078125	0.125
2.26953125	-0.228515625	98.2421875	0.3821428571428571
5.84375	0.08437500000000003	69.0625	0.22142857142857142
3.91015625	-0.214453125	51.8359375	0.46785714285714286
2.5283203125	0.38935546875	63.876953125	0.1357142857142857
2.083984375	-0.1916015625	49.55078125	0.3464285714285714
2.2744140625	0.44912109375000003	45.947265625	0.13214285714285715
1.009765625	0.001757812500000011	63.26171875	0.07857142857142857
4.6572265625	0.27333984375000003	71.962890625	0.16071428571428573
2.484375	0.014062499999999978	59.21875	0.2571428571428571
2.8603515625	0.34365234375000003	81.806640625	0.1357142857142857
2.669921875	0.012304687500000022	43.22265625	0.29285714285714287
1.8447265625	0.21708984375	66.337890625	0.16071428571428573
5.5654296875	0.30673828124999997	12.373046875	0.3535714285714286
3.158203125	-0.3990234375	14.74609375	0.6
2.142578125	0.4025390625	10.52734375	0.26071428571428573
3.5146484375	0.22587890625	59.130859375	0.17142857142857143
1.0244140625	-0.22587890625	68.447265625	0.07857142857142857
5.2626953125	-0.15908203124999998	84.970703125	0.3678571428571429
1.078125	0.26718749999999997	67.65625	0.09285714285714286
5.2822265625	0.16083984375	15.712890625	0.4
5.638671875	0.32167968750000003	79.78515625	0.1392857142857143
3.6904296875	0.19423828125000003	68.623046875	0.175
3.236328125	0.20566406249999997	24.58984375	0.24285714285714285
1.6005859375	-0.11865234375	66.865234375	0.21785714285714286
2.03515625	-0.10195312499999998	63.0859375	0.31785714285714284
3.9052734375	0.43681640625	35.224609375	0.1392857142857143
4.994140625	0.01582031249999999	44.98046875	0.29642857142857143
4.837890625	-0.4060546875	59.04296875	0.6214285714285714
5.9609375	0.44296874999999997	51.484375	0.1357142857142857
5.9853515625	0.23115234375	25.556640625	0.24285714285714285
4.828125	0.04218749999999999	90.15625	0.22857142857142856
5.51171875	-0.02460937499999999	80.6640625	0.2714285714285714
5.78515625	-0.326953125	85.5859375	0.5142857142857142
1.244140625	0.24082031249999997	22.48046875	0.12857142857142856
4.1591796875	0.10986328125000006	26.435546875	0.30357142857142855
3.5341796875	-0.22763671875	37.685546875	0.5142857142857142
3.8173828125	0.17138671875000006	50.517578125	0.20714285714285716
3.05078125	-0.369140625	50.4296875	0.5607142857142857
5.3359375	-0.11953124999999998	17.734375	0.5892857142857143
3.24609375	0.24257812500000003	56.7578125	0.16428571428571428
3.2265625	-0.24609375	33.203125	0.55
1.361328125	0.3181640625	58.33984375	0.1392857142857143
2.3232421875	0.29970703125000003	55.263671875	0.16071428571428573
5.19921875	-0.30585937500000004	30.0390625	0.625
1.9130859375	-0.39990234375	38.740234375	0.30714285714285716
5.8583984375	0.31025390625	39.443359375	0.17142857142857143
2.708984375	-0.3041015625	83.30078125	0.48214285714285715
2.7236328125	-0.025488281250000022	87.080078125	0.2571428571428571
1.6689453125	0.26279296874999997	59.658203125	0.16071428571428573
3.7978515625	-0.16259765625	19.931640625	0.5785714285714286
5.072265625	-0.27949218750000004	35.13671875	0.5857142857142857
4.5595703125	-0.03251953125000001	77.939453125	0.275
4.0419921875	0.38408203125	74.951171875	0.1357142857142857
3.67578125	0.41835937500000003	39.1796875	0.1392857142857143
5.90234375	0.270703125	93.3203125	0.15714285714285714
5.1748046875	0.23642578124999997	33.466796875	0.21428571428571427
4.8330078125	-0.18017578125	54.736328125	0.4357142857142857
4.2861328125	-0.08173828124999999	47.705078125	0.3678571428571429
2.4306640625	-0.02900390624999999	60.009765625	0.2785714285714286
1.224609375	-0.12128906249999999	28.45703125	0.125
4.3740234375	-0.32255859375	43.662109375	0.5892857142857143
3.6025390625	-0.04306640625000002	52.978515625	0.3142857142857143
1.8154296875	0.08173828124999999	34.873046875	0.25357142857142856
5.4677734375	-0.06943359375000002	52.099609375	0.34285714285714286
2.318359375	-0.3744140625	20.01953125	0.41785714285714287
2.5185546875	-0.24169921875	75.654296875	0.42857142857142855
3.5439453125	0.37529296875	48.408203125	0.1392857142857143
1.2001953125	0.34716796875000006	11.845703125	0.125
1.6884765625	-0.26103515625	35.400390625	0.24285714285714285
2.1376953125	0.17841796875	96.220703125	0.16428571428571428
2.6796875	-0.14765625	54.296875	0.3964285714285714
5.7119140625	-0.28212890625	17.822265625	0.7035714285714286
3.734375	0.2390625	81.71875	0.16071428571428573
4.33984375	0.43945312500000006	76.4453125	0.11785714285714285
3.080078125	0.23378906250000003	38.65234375	0.2
1.25390625	0.20742187500000003	60.2734375	0.12857142857142856
3.0849609375	-0.44208984375	82.333984375	0.5714285714285714
2.23046875	-0.221484375	94.7265625	0.375
1.1513671875	0.31376953125	20.107421875	0.11071428571428571
2.4111328125	0.03076171875	36.455078125	0.29285714285714287
1.8056640625	-0.36650390625	26.259765625	0.2714285714285714
4.759765625	0.2267578125	85.76171875	0.16071428571428573
1.0927734375	0.04306640625000002	40.849609375	0.09642857142857143
5.287109375	0.3849609375	90.33203125	0.125
3.1142578125	0.35419921875	51.923828125	0.1392857142857143
2.7041015625	-0.07822265625000002	22.744140625	0.4607142857142857
5.4775390625	-0.38056640625	86.728515625	0.5678571428571428
5.8876953125	0.40341796874999997	73.720703125	0.12857142857142856
3.529296875	0.44824218750000006	84.00390625	0.11785714285714285
3.44140625	-0.298828125	77.1484375	0.49642857142857144
3.03125	0.36562500000000003	74.6875	0.1357142857142857
4.8623046875	-0.26982421875	84.091796875	0.46785714285714286
5.5556640625	-0.14150390624999998	48.759765625	0.4142857142857143
5.6875	-0.39375	38.125	0.6642857142857143
2.826171875	-0.40957031250000003	74.16015625	0.5285714285714286
2.376953125	-0.31464843750000004	56.93359375	0.425
4.1103515625	0.11865234375000006	59.306640625	0.21428571428571427
5.7509765625	0.02021484374999999	63.525390625	0.2571428571428571
2.97265625	-0.158203125	79.9609375	0.3678571428571429
2.8505859375	0.10634765625000003	44.365234375	0.23214285714285715
4.4326171875	-0.05185546875000002	17.294921875	0.5321428571428571
4.88671875	0.31289062500000003	69.4140625	0.14285714285714285
3.6220703125	-0.31376953125	27.314453125	0.6321428571428571
1.3271484375	0.16962890625	64.755859375	0.15
4.02734375	0.15820312500000006	37.0703125	0.23214285714285715
3.1826171875	-0.27685546875	39.794921875	0.55
3.7490234375	0.014941406250000011	32.412109375	0.33214285714285713
5.6826171875	0.17314453125	84.794921875	0.17857142857142858
4.41796875	-0.277734375	89.1015625	0.46785714285714286
5.7412109375	0.42978515624999997	28.896484375	0.16071428571428573
5.3212890625	0.26630859375	78.291015625	0.16071428571428573
3.36328125	0.362109375	89.8046875	0.1357142857142857
2.162109375	-0.4025390625	79.08203125	0.375
5.853515625	-0.3638671875	82.94921875	0.5607142857142857
3.9443359375	-0.14677734375	80.927734375	0.35714285714285715
5.9169921875	0.04658203124999999	18.701171875	0.44285714285714284
2.3427734375	-0.18193359375	63.349609375	0.39285714285714285
3.2314453125	0.43154296875000003	87.783203125	0.11785714285714285
3.1435546875	0.09580078124999997	86.904296875	0.20714285714285716
5.1064453125	0.31904296875	31.533203125	0.18928571428571428
3.63671875	-0.362109375	46.9140625	0.6
2.6015625	0.09140624999999997	21.953125	0.325
3.744140625	-0.20917968750000002	67.48046875	0.4357142857142857
2.2646484375	0.0008789062499999778	81.630859375	0.24285714285714285
5.296875	0.40781249999999997	64.84375	0.1357142857142857
5.9560546875	0.37705078124999997	81.279296875	0.1357142857142857
2.30859375	0.07382812499999997	51.1328125	0.23214285714285715
5.9462890625	-0.07119140624999998	67.041015625	0.32142857142857145
2.8896484375	-0.33662109375	70.380859375	0.5214285714285715
4.14453125	0.33398437500000006	86.9921875	0.1357142857142857
2.845703125	-0.11777343750000002	99.12109375	0.3142857142857143
4.251953125	0.2478515625	68.18359375	0.16071428571428573
1.17578125	-0.03164062499999998	84.1796875	0.11428571428571428
2.8359375	0.33046875000000003	62.734375	0.1392857142857143
3.1533203125	-0.17314453125	97.626953125	0.3678571428571429
3.5732421875	0.07470703125000006	77.763671875	0.21785714285714286
2.748046875	0.25136718750000003	92.44140625	0.16071428571428573
2.9580078125	-0.06767578125000001	65.986328125	0.30714285714285716
5.7802734375	0.09931640624999999	91.474609375	0.20714285714285716
1.625	0.11249999999999999	66.25	0.20714285714285716
3.0068359375	-0.20302734375	52.802734375	0.44642857142857145
2.337890625	0.0439453125	14.04296875	0.40714285714285714
4.3251953125	0.23466796875	90.595703125	0.16071428571428573
5.21875	-0.25312500000000004	80.3125	0.45357142857142857
4.4619140625	0.39287109375	85.322265625	0.125
4.017578125	0.29003906250000006	89.27734375	0.1392857142857143
4.9697265625	-0.12041015625000001	55.087890625	0.375
3.1044921875	0.44033203125000003	13.076171875	0.22857142857142856
4.9111328125	-0.41923828125	81.455078125	0.6
4.3056640625	0.08349609375000006	71.259765625	0.22142857142857142
4.59375	-0.140625	46.5625	0.4142857142857143
4.3837890625	-0.12744140625	95.166015625	0.325
2.1474609375	-0.27333984375	65.458984375	0.36428571428571427
4.7548828125	0.002636718749999989	22.392578125	0.4357142857142857
3.021484375	-0.022851562499999978	21.42578125	0.4392857142857143
2.474609375	0.10371093749999999	95.95703125	0.2
2.953125	0.15468750000000003	11.40625	0.44642857142857145
1.6494140625	0.11162109375000001	79.697265625	0.2
1.87890625	-0.355078125	94.0234375	0.29285714285714287
4.935546875	0.1951171875	98.06640625	0.16071428571428573
5.43359375	0.186328125	62.3828125	0.18928571428571428
5.55078125	0.08085937500000001	95.4296875	0.21071428571428572
5.423828125	0.2619140625	30.21484375	0.21428571428571427
3.197265625	-0.39199218750000003	68.88671875	0.575
5.8193359375	-0.25927734375	47.177734375	0.525
5.5947265625	0.44208984375	88.837890625	0.11785714285714285
1.3173828125	-0.27861328125	95.517578125	0.14642857142857144
3.7734375	-0.06328125000000001	34.609375	0.3964285714285714
1.966796875	-0.2830078125	67.12890625	0.31785714285714284
3.3193359375	0.19072265625	92.177734375	0.16428571428571428
4.486328125	0.43066406250000006	47.08984375	0.1357142857142857
3.4169921875	-0.40341796875	63.701171875	0.5928571428571429
4.3154296875	-0.36826171875	79.873046875	0.5678571428571428
2.0546875	-0.26015625	88.046875	0.33214285714285713
2.8212890625	-0.18369140625000002	33.291015625	0.4928571428571429
5.1455078125	0.21357421875	94.111328125	0.16071428571428573
3.802734375	-0.3884765625	91.73828125	0.5678571428571428
3.4609375	-0.007031249999999989	96.484375	0.24285714285714285
2.240234375	0.2302734375	63.61328125	0.16071428571428573
4.10546875	-0.10898437500000002	15.9765625	0.5892857142857143
3.255859375	-0.2056640625	93.14453125	0.3964285714285714
4.8525390625	0.18193359375	75.478515625	0.17857142857142858
5.462890625	0.1564453125	92.79296875	0.17857142857142858
1.595703125	0.10722656250000001	31.62109375	0.21071428571428572
1.947265625	0.2830078125	46.38671875	0.16071428571428573
4.7890625	0.37265624999999997	27.578125	0.17857142857142858
2.0986328125	-0.36298828125	53.330078125	0.3535714285714286
1.05859375	-0.151171875	73.6328125	0.08571428571428572
5.140625	-0.014062499999999978	50.78125	0.3
5.94140625	0.151171875	32.1484375	0.2571428571428571
3.40234375	-0.17929687500000002	48.3203125	0.4392857142857143
2.5625	-0.28125	71.875	0.4642857142857143
3.7880859375	-0.28740234375	72.490234375	0.49642857142857144
5.7998046875	-0.10107421875	22.216796875	0.525
1.37109375	0.130078125	23.0078125	0.16785714285714284
5.6533203125	0.27685546875000006	52.626953125	0.16071428571428573
5.86328125	-0.087890625	44.8046875	0.37857142857142856
1.46875	-0.02812500000000001	57.8125	0.19285714285714287
4.720703125	0.21972656250000006	87.87109375	0.16071428571428573
2.1669921875	0.27158203124999997	41.201171875	0.17142857142857143
1.0634765625	0.07646484375000001	24.150390625	0.08928571428571429
5.150390625	0.4376953125	19.66796875	0.2
3.4755859375	-0.23115234375000002	10.615234375	0.6428571428571429
4.1396484375	-0.11162109375000001	92.880859375	0.32142857142857145
4.5693359375	0.41572265625	69.677734375	0.125
2.07421875	0.256640625	18.7890625	0.24285714285714285
1.5078125	0.28828125	13.515625	0.19642857142857142
1.2294921875	0.10283203125000001	69.326171875	0.125
1.3759765625	-0.09228515625	74.775390625	0.16785714285714284
4.662109375	0.04746093750000002	34.08203125	0.3107142857142857
3.568359375	-0.1494140625	42.51953125	0.4357142857142857
2.982421875	0.29355468749999997	71.34765625	0.15
2.806640625	0.40957031250000003	50.60546875	0.1357142857142857
1.2392578125	0.016699218750000022	85.673828125	0.12857142857142856
3.9638671875	0.14501953125000006	14.482421875	0.40714285714285714
5.9365234375	-0.37880859375	15.537109375	0.7928571428571428
4.7841796875	0.44736328124999997	60.185546875	0.125
3.0556640625	0.30849609375000003	93.759765625	0.1357142857142857
4.359375	-0.09843750000000001	70.46875	0.32857142857142857
2.435546875	-0.2548828125	53.06640625	0.4392857142857143
3.8369140625	-0.16962890625	74.072265625	0.3821428571428571
4.076171875	-0.1845703125	96.66015625	0.37142857142857144
5.12109375	0.35507812499999997	45.5078125	0.16071428571428573
5.82421875	0.03164062499999998	41.2890625	0.3
4.6328125	0.40078125000000003	92.265625	0.12142857142857143
2.689453125	0.30410156250000003	17.55859375	0.2392857142857143
2.09375	0.309375	91.5625	0.1357142857142857
5.1650390625	-0.21181640625	24.853515625	0.5892857142857143
3.3779296875	0.13798828125	17.998046875	0.35
1.556640625	-0.2654296875	73.10546875	0.2
5.033203125	-0.2865234375	93.49609375	0.475
2.181640625	0.07207031250000001	84.35546875	0.21428571428571427
1.029296875	-0.001757812500000011	39.00390625	0.08214285714285714
2.71875	0.19687499999999997	35.3125	0.21428571428571427
2.7822265625	-0.28916015625	60.712890625	0.5
4.18359375	-0.03867187500000002	39.8828125	0.3464285714285714
4.6376953125	-0.27158203125	51.220703125	0.525
4.798828125	-0.07558593749999998	41.46484375	0.375
3.87109375	-0.319921875	68.0078125	0.525
2.6748046875	-0.21357421875000002	78.466796875	0.4107142857142857
1.8935546875	-0.12919921875	19.404296875	0.29642857142857143
3.119140625	0.12832031250000003	56.23046875	0.21428571428571427
3.8857421875	-0.09404296875000001	38.388671875	0.4035714285714286
2.455078125	-0.10371093749999999	27.40234375	0.42857142857142855
4.8818359375	-0.09052734374999999	64.052734375	0.3357142857142857
5.8974609375	-0.04833984375	87.958984375	0.2785714285714286
4.212890625	-0.06855468749999999	25.29296875	0.45714285714285713
2.4697265625	0.32958984375000006	10.087890625	0.325
2.0791015625	-0.41572265625	56.494140625	0.3535714285714286
3.7685546875	-0.016699218750000022	98.154296875	0.24285714285714285
1.4736328125	0.19951171875	19.580078125	0.19642857142857142
3.55859375	0.29882812500000006	28.6328125	0.20357142857142857
3.6123046875	0.40517578125000003	16.591796875	0.21785714285714286
3.0751953125	0.009667968749999978	68.095703125	0.2571428571428571
4.26171875	0.200390625	13.1640625	0.4
3.4853515625	-0.21884765625	70.556640625	0.4357142857142857
3.3876953125	-0.04658203124999999	28.720703125	0.4035714285714286
1.0537109375	0.37353515625000006	57.021484375	0.08571428571428572
3.9345703125	0.30498046875	66.689453125	0.15714285714285714
5.2333984375	-0.027246093749999978	28.193359375	0.40714285714285714
3.880859375	0.13183593750000006	81.89453125	0.2
5.609375	0.12656249999999997	47.96875	0.22857142857142856
2.7529296875	-0.42451171875	51.748046875	0.525
1.60546875	0.341015625	60.9765625	0.1357142857142857
2.9287109375	0.03603515624999998	23.271484375	0.3678571428571429
1.2685546875	0.43330078125	53.154296875	0.12142857142857143
5.912109375	-0.1775390625	56.58203125	0.4357142857142857
5.3994140625	0.33662109375	57.197265625	0.15
2.591796875	-0.17050781250000002	10.87890625	0.4857142857142857
3.9541015625	-0.30322265625	45.244140625	0.5678571428571428
4.9013671875	0.08876953125000003	42.607421875	0.2571428571428571
3.2119140625	0.16787109375000003	62.822265625	0.2
3.412109375	0.27246093750000006	11.58203125	0.3678571428571429
3.7587890625	0.43505859375000006	61.416015625	0.125
2.5771484375	-0.05537109374999999	42.255859375	0.34285714285714286
2.015625	0.09843750000000001	39.53125	0.24285714285714285
5.0576171875	-0.38935546875	73.544921875	0.5892857142857143
5.7021484375	-0.16787109374999998	76.005859375	0.3892857142857143
3.939453125	0.07910156250000006	40.05859375	0.26071428571428573
1.400390625	0.2126953125	42.16796875	0.16428571428571428
1.9814453125	-0.24345703125	20.283203125	0.325
4.447265625	-0.1669921875	91.38671875	0.3678571428571429
1.9716796875	0.39111328125000006	32.060546875	0.16071428571428573
2.0009765625	0.24521484374999997	86.025390625	0.16071428571428573
4.5400390625	-0.32431640625	58.603515625	0.5535714285714286
3.353515625	0.08613281249999999	37.94921875	0.2571428571428571
4.90625	0.253125	40.9375	0.19285714285714287
5.208984375	0.14589843750000003	38.30078125	0.2392857142857143
2.005859375	0.01933593750000001	25.64453125	0.3142857142857143
2.0888671875	0.03251953125000001	93.232421875	0.22142857142857142
4.4765625	-0.021093750000000022	10.703125	0.6285714285714286
3.099609375	-0.2337890625	62.20703125	0.45357142857142857
2.3818359375	0.35947265624999997	19.052734375	0.20714285714285716
2.3916015625	0.09052734374999999	73.369140625	0.21428571428571427
1.810546875	-0.1423828125	86.81640625	0.2714285714285714
4.349609375	-0.0087890625	84.70703125	0.2571428571428571
1.0048828125	0.22763671874999997	44.892578125	0.07857142857142857
5.189453125	-0.14589843749999998	62.55859375	0.3892857142857143
2.62109375	-0.09492187499999999	90.5078125	0.3
1.7666015625	0.42802734375	17.119140625	0.17857142857142858
3.3046875	0.41484375	20.546875	0.18928571428571428
3.9296875	-0.37265625	31.796875	0.6571428571428571
4.75	-0.225	77.5	0.4392857142857143
2.328125	-0.4078125	45.15625	0.42142857142857143
5.931640625	0.2970703125	61.85546875	0.16071428571428573
2.3330078125	0.26982421875	99.736328125	0.1392857142857143
4.330078125	0.0087890625	16.15234375	0.49642857142857144
3.8515625	0.31640625000000006	44.453125	0.16071428571428573
2.357421875	-0.0439453125	82.59765625	0.2714285714285714
4.095703125	-0.3427734375	76.62109375	0.5428571428571428
1.7470703125	-0.42626953125	83.564453125	0.2571428571428571
1.185546875	0.4201171875	75.56640625	0.11785714285714285
5.00390625	0.432421875	82.7734375	0.11785714285714285
1.751953125	-0.2021484375	23.18359375	0.2571428571428571
3.3388671875	-0.19248046875000002	25.732421875	0.55
4.2763671875	0.42626953125000006	98.857421875	0.11785714285714285
3.98828125	-0.425390625	78.5546875	0.6071428571428571
5.8291015625	-0.19072265625	78.994140625	0.4035714285714286
5.306640625	-0.04042968749999998	95.60546875	0.26785714285714285
2.58203125	0.27773437500000003	47.6171875	0.16071428571428573
4.4521484375	0.057128906250000056	53.505859375	0.25357142857142856
4.61328125	0.13710937500000003	67.3046875	0.20357142857142857
4.84765625	-0.04570312500000001	23.7109375	0.45714285714285713
2.0400390625	0.12568359375	13.603515625	0.32857142857142857
3.138671875	-0.12832031249999998	34.78515625	0.4392857142857143
3.109375	-0.32343750000000004	92.96875	0.5
4.4912109375	-0.24521484375	96.396484375	0.4357142857142857
4.3349609375	-0.21708984375	59.833984375	0.45
1.4833984375	-0.25224609375	50.693359375	0.19642857142857142
2.8994140625	-0.11337890625000002	12.197265625	0.5464285714285714
5.482421875	-0.1564453125	26.34765625	0.5357142857142857
3.8125	-0.05625000000000002	94.375	0.275
2.2841796875	-0.002636718749999989	15.185546875	0.4035714285714286
2.533203125	0.16347656250000003	48.49609375	0.20714285714285716
3.59765625	0.17929687499999997	91.2109375	0.16785714285714284
2.0205078125	-0.12392578124999998	82.861328125	0.31785714285714284
5.1357421875	0.13095703124999997	60.888671875	0.21071428571428572
4.9404296875	-0.03076171875	46.123046875	0.325
5.580078125	-0.2162109375	83.65234375	0.41785714285714287
1.126953125	0.36035156250000006	34.43359375	0.10357142857142858
5.501953125	-0.42714843750000003	45.68359375	0.6678571428571428
1.1806640625	0.19599609375	37.509765625	0.11785714285714285
4.125	-0.3375	21.25	0.6892857142857143
1.302734375	0.061523437500000056	46.73828125	0.14642857142857144
4.2373046875	-0.15732421875000002	50.341796875	0.41785714285714287
4.369140625	0.3533203125	78.73046875	0.1357142857142857
3.3583984375	-0.13974609375000002	84.443359375	0.34285714285714286
1.5517578125	-0.03955078125	35.048828125	0.2
2.552734375	-0.16347656249999998	69.23828125	0.375
4.7451171875	0.00439453125	56.669921875	0.275
4.80859375	-0.376171875	96.1328125	0.55
4.740234375	-0.2197265625	18.61328125	0.6535714285714286
5.5263671875	-0.24873046875000002	31.357421875	0.5785714285714286
1.9912109375	0.20478515625	51.396484375	0.17857142857142858
2.298828125	0.37441406250000003	86.46484375	0.12857142857142856
3.2900390625	-0.09931640624999999	81.103515625	0.31785714285714284
4.4814453125	0.20654296875000006	65.283203125	0.175
3.978515625	-0.0263671875	49.19921875	0.3107142857142857
1.6396484375	0.33837890625000006	47.880859375	0.14285714285714285
2.787109375	-0.06503906250000002	45.33203125	0.34285714285714286
4.73046875	0.22851562500000006	49.7265625	0.18214285714285713
3.0166015625	-0.24697265625	84.619140625	0.4392857142857143
3.998046875	0.0263671875	69.94140625	0.24285714285714285
5.3115234375	0.18369140624999997	49.287109375	0.20714285714285716
3.6806640625	-0.25400390625	82.509765625	0.44642857142857145
4.0078125	-0.16171875000000002	58.515625	0.4035714285714286
1.3662109375	-0.35771484375	17.646484375	0.16071428571428573
5.267578125	-0.3849609375	21.77734375	0.7392857142857143
5.5703125	0.23203124999999997	75.390625	0.16071428571428573
5.2578125	0.06328125000000001	36.015625	0.29285714285714287
2.19140625	0.376171875	54.6484375	0.1357142857142857
2.201171875	-0.07207031250000001	17.91015625	0.3821428571428571
3.9736328125	-0.25048828125	64.580078125	0.4714285714285714
3.48046875	0.003515625000000022	27.2265625	0.3678571428571429
3.51953125	-0.003515625000000022	75.7421875	0.2571428571428571
3.763671875	0.2091796875	46.03515625	0.2
3.7197265625	0.10458984374999997	32.587890625	0.2714285714285714
5.5361328125	0.14326171875	70.205078125	0.20357142857142857
5.6923828125	0.28388671875	84.267578125	0.15
1.986328125	-0.01933593750000001	92.08984375	0.24285714285714285
1.1416015625	-0.13447265625	50.869140625	0.10714285714285714
5.619140625	-0.3216796875	11.23046875	0.7964285714285714
1.107421875	0.18105468750000003	15.09765625	0.1
1.1171875	-0.09140625000000002	26.171875	0.1
3.2021484375	0.28212890625000003	31.005859375	0.2
5.736328125	-0.24433593750000002	69.58984375	0.46785714285714286
3.6611328125	0.25576171875000003	13.955078125	0.32857142857142857
2.89453125	0.10898437499999997	64.4921875	0.21428571428571427
5.4921875	0.021093750000000022	14.921875	0.5285714285714286
3.2998046875	0.34892578125	67.216796875	0.1357142857142857
1.146484375	-0.3603515625	55.17578125	0.10714285714285714
3.607421875	-0.2689453125	60.09765625	0.49642857142857144
3.1240234375	-0.09755859374999998	21.162109375	0.5035714285714286
1.4638671875	-0.30498046875	59.482421875	0.18214285714285713
3.5634765625	-0.37353515625	69.150390625	0.5714285714285714
1.1708984375	0.25400390624999997	90.068359375	0.11071428571428571
5.0234375	0.16171874999999997	57.109375	0.20714285714285716
5.5068359375	0.24697265625000003	97.802734375	0.16071428571428573
3.431640625	-0.15292968750000002	16.85546875	0.5928571428571429
3.8955078125	-0.011425781249999989	26.611328125	0.4
2.0693359375	-0.03427734375000002	24.677734375	0.34285714285714286
2.73828125	-0.20039062500000002	56.0546875	0.4392857142857143
3.9248046875	-0.43857421875	55.966796875	0.6464285714285715
5.8681640625	0.13974609374999997	99.384765625	0.18214285714285713
4.3544921875	0.21533203125000006	35.576171875	0.21428571428571427
5.892578125	0.1775390625	33.02734375	0.2392857142857143
1.537109375	0.1599609375	67.83203125	0.18214285714285713
5.111328125	0.09316406250000003	80.83984375	0.21428571428571427
1.712890625	0.38144531249999997	70.29296875	0.13214285714285715
2.50390625	-0.017578125	37.7734375	0.325
1.3564453125	0.09404296875000001	54.033203125	0.15714285714285714
2.5576171875	0.06064453124999997	28.544921875	0.30714285714285716
2.9189453125	-0.41220703125	37.158203125	0.5535714285714286
5.9951171875	-0.22060546875	34.169921875	0.5464285714285714
4.49609375	0.017578125	79.2578125	0.24285714285714285
4.876953125	0.13535156249999997	11.93359375	0.4928571428571429
1.52734375	-0.291796875	82.0703125	0.19642857142857142
1.44921875	-0.08085937500000001	52.5390625	0.175
2.123046875	0.1388671875	36.19140625	0.22857142857142856
4.9990234375	-0.21005859375	99.912109375	0.3964285714285714
2.0302734375	0.32431640624999997	68.974609375	0.1392857142857143
5.6630859375	-0.17490234375000002	16.240234375	0.6535714285714286
1.498046875	-0.4236328125	24.94140625	0.19642857142857142
4.30078125	-0.14414062500000002	27.9296875	0.5035714285714286
4.2470703125	0.02373046875000001	38.564453125	0.30357142857142855
1.478515625	0.4236328125	94.19921875	0.11785714285714285
1.048828125	-0.3005859375	18.96484375	0.08571428571428572
4.1787109375	0.26103515625	45.771484375	0.175
4.3984375	0.27421875	23.359375	0.23214285714285715
4.8671875	-0.31640625	48.671875	0.5678571428571428
1.1904296875	-0.25576171875	23.623046875	0.11785714285714285
4.564453125	-0.2583984375	28.80859375	0.5928571428571429
5.4580078125	0.38232421875000006	20.986328125	0.20714285714285716
2.11328125	-0.312890625	22.3046875	0.35714285714285715
5.2236328125	0.42451171875	42.080078125	0.1392857142857143
4.818359375	0.07558593750000003	65.01953125	0.22857142857142856
5.4091796875	-0.11513671874999998	93.935546875	0.325
1.234375	-0.2109375	36.71875	0.125
5.4140625	-0.18984374999999998	38.828125	0.49642857142857144
5.521484375	0.42714843750000003	66.42578125	0.125
1.8984375	-0.17578125	68.359375	0.29285714285714287
3.0361328125	-0.30673828125	25.205078125	0.5714285714285714
1.2587890625	-0.014941406250000011	16.416015625	0.1357142857142857
5.1015625	-0.35859375	66.953125	0.5678571428571428
4.583984375	0.25839843749999997	94.55078125	0.16071428571428573
2.6064453125	-0.13095703125000002	76.533203125	0.34285714285714286
2.46484375	-0.348046875	65.1953125	0.45357142857142857
2.6259765625	0.13271484375000003	52.275390625	0.21428571428571427
3.5048828125	-0.22236328125000002	89.892578125	0.4107142857142857
4.857421875	0.4060546875	37.59765625	0.16071428571428573
4.65234375	-0.404296875	25.8203125	0.7178571428571429
4.388671875	-0.3533203125	12.28515625	0.7321428571428571
4.056640625	0.18457031250000006	28.10546875	0.24285714285714285
5.0185546875	0.20830078125	30.654296875	0.23214285714285715
2.064453125	0.1916015625	73.80859375	0.16785714285714284
2.9921875	-0.42890625	59.921875	0.5642857142857143
1.9326171875	0.39814453125	62.294921875	0.13214285714285715
1.2978515625	0.28740234375	64.931640625	0.14285714285714285
4.5791015625	0.03427734375000002	11.494140625	0.575
2.6943359375	-0.37177734375	58.427734375	0.5035714285714286
3.705078125	-0.3287109375	49.90234375	0.5678571428571428
1.6201171875	0.11689453124999999	45.419921875	0.21428571428571427
4.6279296875	0.36298828125	40.498046875	0.16071428571428573
4.0517578125	0.41044921875	80.048828125	0.12142857142857143
5.74609375	-0.207421875	11.7578125	0.7464285714285714
5.3896484375	0.11337890624999997	25.380859375	0.32142857142857145
3.2607421875	0.018457031249999978	49.638671875	0.275
2.8798828125	0.11513671875000003	78.642578125	0.20357142857142857
2.767578125	0.06503906249999997	66.77734375	0.22857142857142856
2.923828125	-0.18808593750000002	75.21484375	0.3964285714285714
1.1953125	-0.33046875	64.140625	0.11785714285714285
3.7001953125	-0.10283203125000001	56.845703125	0.35
1.3955078125	0.43857421874999997	71.611328125	0.11785714285714285
4.37890625	0.09492187499999999	49.0234375	0.2392857142857143
4.2177734375	0.15556640625	74.599609375	0.19285714285714287
2.4208984375	-0.42099609375	22.568359375	0.44642857142857145
1.7958984375	-0.08349609375	56.318359375	0.26785714285714285
2.5234375	-0.28828125000000004	12.109375	0.475
4.1884765625	0.18896484375000006	80.400390625	0.17142857142857143
1.56640625	-0.186328125	20.8984375	0.20357142857142857
4.2666015625	-0.02197265625	62.119140625	0.2785714285714286
3.177734375	0.39902343749999997	80.48828125	0.125
3.578125	-0.1828125	22.65625	0.5678571428571428
4.2958984375	0.36650390625	11.318359375	0.325
1.78125	-0.309375	52.1875	0.2642857142857143
4.603515625	0.31113281249999997	15.44921875	0.28214285714285714
2.5478515625	-0.38759765625000003	42.431640625	0.4785714285714286
2.513671875	0.43417968749999997	23.53515625	0.16071428571428573
2.69921875	0.14414062499999997	75.0390625	0.19642857142857142
2.9482421875	-0.03779296874999999	89.013671875	0.26071428571428573
3.451171875	0.15292968749999997	85.41015625	0.18214285714285713
2.3720703125	-0.08876953124999998	49.814453125	0.34285714285714286
1.0439453125	-0.07470703125	93.408203125	0.08571428571428572
3.4658203125	0.22060546875000003	47.001953125	0.18928571428571428
3.548828125	0.14941406250000006	63.96484375	0.20357142857142857
5.1845703125	-0.37001953125	44.189453125	0.6214285714285714
3.2802734375	-0.35068359375	46.474609375	0.5821428571428572
3.9833984375	0.19775390625000006	95.693359375	0.16071428571428573
1.1220703125	0.13623046875000006	72.314453125	0.10357142857142858
1.99609375	-0.432421875	34.2578125	0.325
1.2099609375	-0.10458984375000002	48.583984375	0.12142857142857143
1.888671875	0.09667968750000006	57.28515625	0.21428571428571427
2.2255859375	0.44384765625000006	78.115234375	0.11785714285714285
3.0458984375	0.14150390625000003	33.818359375	0.24285714285714285
5.658203125	0.05097656249999999	59.74609375	0.24285714285714285
2.3134765625	-0.14853515625000002	91.650390625	0.34285714285714286
5.453125	-0.2953125	56.40625	0.5285714285714286
4.173828125	-0.4130859375	97.71484375	0.5821428571428572
2.259765625	-0.2232421875	40.76171875	0.3964285714285714
1.166015625	-0.4201171875	54.82421875	0.11071428571428571
1.3125	0.39375	49.375	0.1357142857142857
3.3291015625	0.25927734375000006	33.994140625	0.20357142857142857
3.841796875	-0.3955078125	33.37890625	0.6571428571428571
4.2421875	-0.20390625	82.421875	0.40714285714285714
5.3310546875	-0.18544921874999998	70.029296875	0.40714285714285714
4.193359375	0.41308593750000006	31.26953125	0.16071428571428573
5.990234375	0.005273437499999978	86.11328125	0.24285714285714285
5.1796875	0.30234374999999997	99.296875	0.1392857142857143
1.5224609375	0.06416015624999999	99.208984375	0.19642857142857142
5.1552734375	-0.23818359375	57.724609375	0.4857142857142857
3.314453125	-0.03339843749999999	51.30859375	0.30714285714285716
4.5205078125	0.32607421875000003	37.861328125	0.16428571428571428
1.849609375	0.4412109375	39.70703125	0.1357142857142857
2.34765625	0.40429687500000006	68.7109375	0.125
3.4560546875	-0.07294921874999999	36.279296875	0.3892857142857143
4.1005859375	0.33134765625	21.865234375	0.21428571428571427
2.9677734375	0.38056640625	97.099609375	0.125
5.53125	-0.08437499999999998	29.6875	0.44642857142857145
1.2880859375	0.16259765625000006	27.490234375	0.14285714285714285
1.41015625	0.235546875	96.8359375	0.16071428571428573
1.9033203125	0.05185546874999997	30.126953125	0.28214285714285714
2.4794921875	-0.12216796875000002	46.826171875	0.3821428571428571
3.4072265625	0.04833984375	94.462890625	0.22142857142857142
2.7138671875	0.37001953125000003	36.982421875	0.16071428571428573
4.6474609375	0.17666015625000003	20.458984375	0.3107142857142857
3.2705078125	0.10107421875000006	15.361328125	0.4142857142857143
2.2939453125	0.15029296875000003	25.908203125	0.2571428571428571
5.0966796875	-0.39638671875000003	20.810546875	0.75
1.7177734375	-0.29443359375	29.599609375	0.25
1.5322265625	0.38583984374999997	38.212890625	0.1392857142857143
2.279296875	0.22324218749999997	61.50390625	0.16428571428571428
5.04296875	-0.165234375	32.8515625	0.49642857142857144
1.2490234375	-0.43505859375	77.412109375	0.12857142857142856
1.654296875	0.3357421875	27.75390625	0.16785714285714284
2.5966796875	0.05361328125000003	65.810546875	0.23214285714285715
4.5302734375	-0.12568359375	23.974609375	0.5178571428571429
2.220703125	-0.2302734375	42.87109375	0.38571428571428573
2.4892578125	-0.20830078125	18.173828125	0.4607142857142857
3.1337890625	-0.35244140625	72.666015625	0.5464285714285714
1.7568359375	0.02197265625	75.302734375	0.23214285714285715
5.970703125	-0.005273437499999978	20.37109375	0.4714285714285714
1.4345703125	-0.14501953125	21.689453125	0.17142857142857143
1.5615234375	0.40869140625000006	26.787109375	0.16071428571428573
5.7607421875	-0.43154296875000003	94.638671875	0.6
4.5546875	0.18984375000000003	43.046875	0.20714285714285716
4.1689453125	-0.18720703125	14.658203125	0.6642857142857143
5.7900390625	0.35068359374999997	36.103515625	0.16071428571428573
4.9794921875	0.32783203125	91.826171875	0.1357142857142857
3.783203125	0.3884765625	25.99609375	0.175
2.2060546875	0.15205078125	58.779296875	0.20357142857142857
1.72265625	0.06679687500000003	12.4609375	0.25
1.341796875	0.05449218750000001	78.37890625	0.15357142857142858
1.5810546875	-0.41044921875	92.529296875	0.21071428571428572
4.69140625	-0.07382812500000002	99.6484375	0.2785714285714286
1.9228515625	-0.05009765625000001	98.681640625	0.2571428571428571
4.6865234375	0.29619140625	83.037109375	0.14285714285714285
2.54296875	0.28476562499999997	77.8515625	0.14285714285714285
1.5712890625	0.04130859375000001	55.791015625	0.20357142857142857
5.794921875	0.12480468750000001	76.97265625	0.20357142857142857
4.92578125	-0.256640625	61.6796875	0.48928571428571427
4.5498046875	0.12392578125000003	89.716796875	0.2
4.9208984375	0.02900390624999999	67.568359375	0.24285714285714285
3.1923828125	-0.16611328125000002	39.267578125	0.45357142857142857
5.599609375	0.21621093750000003	17.20703125	0.32857142857142857
2.025390625	-0.3498046875	30.91796875	0.3392857142857143
2.416015625	0.25488281250000006	77.32421875	0.16071428571428573
5.3798828125	-0.33486328125	33.642578125	0.6321428571428571
3.685546875	-0.029882812500000022	30.56640625	0.37857142857142856
3.5537109375	-0.07646484375000001	12.021484375	0.6214285714285714
3.1630859375	0.27509765625	61.240234375	0.16071428571428573
2.630859375	0.35683593750000003	59.39453125	0.1357142857142857
3.8564453125	-0.35595703125	99.033203125	0.525
3.2509765625	-0.42978515625	18.525390625	0.6178571428571429
2.6845703125	0.07998046875000003	89.189453125	0.20714285714285716
4.134765625	0.11425781250000006	52.01171875	0.22142857142857142
2.1767578125	0.29794921874999997	23.798828125	0.20714285714285716
5.8828125	-0.27421875	24.765625	0.6392857142857142
1.615234375	-0.10722656250000001	97.36328125	0.22142857142857142
5.9755859375	0.21884765624999997	55.615234375	0.18214285714285713
5.3017578125	-0.26455078125	12.548828125	0.7607142857142857
2.3037109375	-0.30146484375000004	34.521484375	0.41785714285714287
3.333984375	0.03339843749999999	72.05078125	0.2392857142857143
5.345703125	0.3322265625	54.12109375	0.16071428571428573
3.28515625	0.12304687500000006	40.5859375	0.23214285714285715
3.822265625	0.39550781250000006	57.63671875	0.1357142857142857
2.8310546875	0.26455078125000003	25.029296875	0.21785714285714286
4.0908203125	-0.11689453124999999	35.751953125	0.4357142857142857
4.8134765625	0.30146484375	46.650390625	0.16071428571428573
1.634765625	-0.3357421875	97.01171875	0.2357142857142857
5.4482421875	0.41220703124999997	44.013671875	0.1392857142857143
2.2158203125	-0.00439453125	69.501953125	0.2571428571428571
2.2890625	-0.07734374999999999	72.578125	0.3
5.08203125	-0.17226562499999998	92.6171875	0.3678571428571429
2.85546875	-0.333984375	38.4765625	0.5321428571428571
3.4462890625	0.37880859375000003	22.041015625	0.2
2.4404296875	0.41923828125	91.123046875	0.11785714285714285
2.9384765625	0.41396484375000003	57.900390625	0.1357142857142857
4.0712890625	-0.40869140625	10.791015625	0.7107142857142857
3.0947265625	-0.007910156250000022	43.837890625	0.30357142857142855
2.4599609375	0.12041015625000001	71.083984375	0.20357142857142857
1.4443359375	0.30322265625000006	35.927734375	0.16071428571428573
5.62890625	-0.130078125	71.5234375	0.3678571428571429
2.7578125	-0.38671875	81.015625	0.525
1.5029296875	0.25048828125000006	74.248046875	0.16071428571428573
5.375	0.33749999999999997	88.75	0.1357142857142857
3.958984375	-0.0791015625	60.80078125	0.325
1.4931640625	-0.19775390625	88.134765625	0.19642857142857142
5.9072265625	-0.40166015625	49.462890625	0.6357142857142857
5.27734375	-0.06679687499999998	59.5703125	0.325
5.9658203125	-0.22939453125	92.001953125	0.425
3.3681640625	-0.31025390625000004	54.384765625	0.5428571428571428
4.2275390625	0.29443359375000006	19.228515625	0.24285714285714285
1.7275390625	-0.15556640625	64.228515625	0.25
4.28125	0.14062500000000006	97.1875	0.18214285714285713
2.5380859375	-0.06240234374999998	94.990234375	0.275
1.517578125	-0.1599609375	44.27734375	0.19642857142857142
5.1943359375	0.07822265624999997	13.427734375	0.5035714285714286
3.6171875	0.35859375	71.171875	0.1357142857142857
4.0029296875	-0.19951171875	29.248046875	0.5428571428571428
4.681640625	-0.3779296875	39.35546875	0.6464285714285715
4.984375	-0.43593750000000003	14.21875	0.775
2.171875	-0.3796875	76.09375	0.375
5.814453125	0.41660156249999997	96.30859375	0.11785714285714285
1.2734375	0.38671875000000006	79.609375	0.12142857142857143
1.390625	-0.2390625	28.28125	0.16785714285714284
4.06640625	0.26367187500000006	65.8984375	0.16071428571428573
2.7431640625	0.027246093749999978	20.634765625	0.4
5.2041015625	0.37177734375	67.744140625	0.1357142857142857
5.31640625	-0.411328125	43.3984375	0.6642857142857143
1.0	-0.45	100.0	0.07857142857142857
1.7421875	0.24609375000000006	37.421875	0.18214285714285713
4.57421875	-0.193359375	63.7890625	0.425
4.4716796875	-0.05888671875000001	77.060546875	0.29642857142857143
3.1875	0.05624999999999997	83.125	0.22142857142857142
1.0390625	0.14765625	50.078125	0.08214285714285714
4.3935546875	0.32080078125000006	64.404296875	0.14285714285714285
4.7158203125	0.44560546875	24.501953125	0.16071428571428573
5.0771484375	0.39462890624999997	87.255859375	0.125
1.4248046875	0.011425781249999989	10.966796875	0.17142857142857143
2.3623046875	0.18017578125000006	39.091796875	0.21071428571428572
1.908203125	0.27597656249999997	82.24609375	0.14285714285714285
3.9931640625	0.25224609375	43.134765625	0.18214285714285713
1.95703125	0.165234375	81.3671875	0.175
4.0322265625	-0.06416015624999999	83.212890625	0.29285714285714287
4.3447265625	-0.23291015625	21.337890625	0.6214285714285714
4.7353515625	-0.44384765625	93.056640625	0.6107142857142858
4.974609375	-0.3462890625	50.95703125	0.5892857142857143
4.037109375	-0.2900390625	22.83203125	0.6535714285714286
4.623046875	-0.3111328125	81.19140625	0.5107142857142857
1.7373046875	0.29267578125	95.341796875	0.1357142857142857
4.4130859375	0.05009765625000001	83.740234375	0.22142857142857142
5.677734375	-0.05097656249999999	35.48828125	0.3892857142857143
4.0810546875	0.03955078125	47.529296875	0.2714285714285714
5.326171875	0.04042968749999998	29.16015625	0.34285714285714286
5.7314453125	-0.018457031249999978	42.783203125	0.32857142857142857
5.169921875	-0.4376953125	88.22265625	0.6107142857142858
3.587890625	0.26894531250000003	36.54296875	0.18928571428571428
3.6708984375	-0.19599609375	45.068359375	0.46785714285714286
4.408203125	-0.1740234375	37.24609375	0.4857142857142857
3.5927734375	-0.40693359375	85.849609375	0.5892857142857143
4.6083984375	-0.36474609375	61.943359375	0.5821428571428572
2.0595703125	0.41748046875000006	32.939453125	0.14285714285714285
4.9306640625	0.42099609374999997	15.009765625	0.2357142857142857
2.865234375	0.11777343749999997	29.86328125	0.2714285714285714
4.9599609375	-0.32958984375	26.083984375	0.6678571428571428
5.4287109375	-0.41396484375000003	68.271484375	0.6142857142857143
2.7333984375	0.42275390625000003	73.193359375	0.12142857142857143
3.71484375	-0.123046875	87.6953125	0.32857142857142857
2.494140625	-0.4341796875	89.98046875	0.4607142857142857
2.611328125	-0.3568359375	35.83984375	0.48928571428571427
2.15234375	0.04570312500000001	70.8203125	0.22857142857142856
5.2724609375	0.28916015624999997	76.708984375	0.16071428571428573
3.1728515625	0.17490234374999997	31.181640625	0.23214285714285715
4.5888671875	-0.41748046875	48.232421875	0.6535714285714286
1.29296875	-0.390234375	10.3515625	0.14285714285714285
5.228515625	0.19863281250000003	71.69921875	0.175
3.8271484375	-0.28037109375	19.755859375	0.6571428571428571
4.2568359375	-0.42802734375	30.302734375	0.6964285714285714
5.3408203125	0.10810546874999999	58.251953125	0.22142857142857142
2.4013671875	-0.36123046875	87.607421875	0.43214285714285716
1.0146484375	-0.22412109375	14.130859375	0.07857142857142857
4.505859375	-0.4306640625	70.64453125	0.6214285714285714
5.7705078125	-0.34892578125	60.361328125	0.5714285714285714
2.4501953125	-0.32783203125	79.345703125	0.44642857142857145
3.7783203125	0.16435546875	86.376953125	0.17857142857142858
2.572265625	0.17050781249999997	80.13671875	0.175
3.9150390625	0.01318359375	92.353515625	0.2392857142857143
1.703125	-0.0703125	78.90625	0.2392857142857143
4.310546875	0.30761718750000006	41.81640625	0.16428571428571428
3.79296875	0.05976562499999999	55.3515625	0.24285714285714285
3.0703125	-0.21796875000000002	30.390625	0.5357142857142857
5.70703125	0.39023437499999997	58.8671875	0.1357142857142857
1.64453125	-0.11601562500000001	41.9921875	0.2357142857142857
5.6337890625	0.09755859375000003	27.666015625	0.31785714285714284
3.7099609375	0.34541015625	93.583984375	0.1357142857142857
4.3642578125	0.12919921875	29.423828125	0.275
2.6455078125	-0.23642578125	49.111328125	0.4785714285714286
1.80078125	0.305859375	72.9296875	0.1392857142857143
4.642578125	-0.04746093750000002	55.52734375	0.32142857142857145
4.955078125	0.34628906249999997	72.40234375	0.1357142857142857
3.861328125	-0.1318359375	13.33984375	0.6428571428571429
5.384765625	-0.11074218749999998	74.51171875	0.3392857142857143
1.419921875	-0.2126953125	65.72265625	0.17142857142857143
2.2451171875	-0.44560546875	11.669921875	0.39285714285714285
1.087890625	-0.18105468749999998	81.54296875	0.09642857142857143
4.9892578125	0.24169921875000006	63.173828125	0.16428571428571428
3.001953125	0.022851562499999978	90.68359375	0.23214285714285715
2.0498046875	-0.32607421875	44.716796875	0.3392857142857143
5.4189453125	0.03779296874999999	82.158203125	0.23214285714285715
1.9423828125	0.05888671875000001	61.767578125	0.22857142857142856
3.5830078125	0.04482421874999998	77.236328125	0.23214285714285715
3.94921875	0.36914062500000006	97.5390625	0.12857142857142856
1.2783203125	-0.28564453125	41.376953125	0.1392857142857143
5.951171875	-0.29707031250000004	40.41015625	0.5821428571428572
2.5673828125	0.39638671875000003	28.017578125	0.16071428571428573
5.775390625	-0.12480468750000001	53.41796875	0.3964285714285714
4.7109375	-0.23203125	73.984375	0.44642857142857145
5.1259765625	-0.31728515625	97.275390625	0.49642857142857144
5.16015625	0.010546875000000011	74.3359375	0.2571428571428571
3.724609375	0.32871093749999997	73.45703125	0.1392857142857143
3.16796875	-0.052734375	66.6015625	0.29642857142857143
1.9619140625	-0.05712890625	40.322265625	0.30714285714285716
1.1123046875	-0.04482421874999998	61.591796875	0.1
4.466796875	0.16699218750000006	22.12890625	0.30357142857142855
3.373046875	-0.08613281249999999	58.69140625	0.33214285714285713
2.396484375	0.3146484375	32.67578125	0.17142857142857143
3.294921875	-0.3251953125	31.97265625	0.6
3.666015625	0.029882812500000022	99.82421875	0.22142857142857142
1.859375	0.35156250000000006	25.46875	0.17142857142857143
1.1025390625	0.40693359375	97.978515625	0.1
4.1982421875	-0.26279296875	66.513671875	0.4857142857142857
2.93359375	-0.263671875	17.3828125	0.5571428571428572
2.1962890625	-0.29619140625	89.541015625	0.375
4.8720703125	0.36123046875000003	94.814453125	0.1357142857142857
1.3076171875	-0.16435546875	96.044921875	0.14642857142857144
5.6484375	-0.40078125000000003	90.859375	0.575
5.2919921875	-0.29091796875	52.451171875	0.5392857142857143
3.20703125	-0.05976562499999999	13.8671875	0.5642857142857143
1.1611328125	-0.19423828124999998	58.955078125	0.11071428571428571
1.9375	-0.16875	15.625	0.3142857142857143
4.96484375	0.10195312500000003	20.1953125	0.37142857142857144
2.25	0.22500000000000003	32.5	0.20714285714285716
2.6650390625	0.23818359375000003	69.853515625	0.16071428571428573
3.3828125	0.17578125000000006	69.765625	0.18214285714285713
2.6552734375	0.21181640625000003	12.724609375	0.35714285714285715
2.962890625	-0.2935546875	47.79296875	0.5321428571428571
5.052734375	0.28652343750000003	24.23828125	0.22142857142857142
5.3603515625	-0.10634765624999998	36.806640625	0.4357142857142857
2.650390625	-0.012304687500000022	64.66796875	0.2714285714285714
5.6044921875	-0.009667968749999978	58.076171875	0.2857142857142857
3.626953125	-0.08964843750000001	79.43359375	0.3107142857142857
5.697265625	0.05800781250000003	23.88671875	0.37142857142857144
1.91796875	0.17226562500000003	44.1015625	0.20357142857142857
5.0673828125	-0.05361328124999998	73.017578125	0.29642857142857143
5.8779296875	-0.31201171875	62.998046875	0.5357142857142857
3.7392578125	-0.43330078125	40.673828125	0.65
2.2548828125	-0.44736328125	67.392578125	0.4
2.044921875	0.3498046875	99.47265625	0.13214285714285715
5.4970703125	-0.20126953125	61.064453125	0.4392857142857143
3.265625	-0.12656250000000002	62.03125	0.3678571428571429
1.546875	0.1828125	87.34375	0.16071428571428573
4.45703125	-0.284765625	36.3671875	0.5785714285714286
1.283203125	-0.0615234375	70.99609375	0.14285714285714285
2.3671875	0.13359375	93.671875	0.18214285714285713
4.5107421875	0.24345703125	27.138671875	0.22857142857142856
3.392578125	-0.2724609375	78.02734375	0.4714285714285714
2.8408203125	-0.34189453125	13.251953125	0.5428571428571428
3.890625	0.21093750000000006	73.28125	0.16428571428571428
3.6318359375	0.13447265625	41.552734375	0.23214285714285715
1.9521484375	-0.39287109375	98.505859375	0.31785714285714284
3.3974609375	0.40166015625	42.958984375	0.1392857142857143
3.8466796875	0.27861328125	88.310546875	0.14285714285714285
1.458984375	0.3708984375	15.80078125	0.18928571428571428
2.9775390625	0.06943359374999997	41.728515625	0.2571428571428571
2.9970703125	0.24873046875	16.064453125	0.29285714285714287
4.1201171875	-0.33310546875	90.419921875	0.5142857142857142
2.1181640625	0.36474609375000006	76.884765625	0.1357142857142857
1.439453125	-0.3708984375	85.05859375	0.17142857142857143
5.2431640625	-0.42275390625000003	65.634765625	0.6214285714285714
1.205078125	0.12128906249999999	94.90234375	0.12142857142857143
1.0732421875	-0.37529296875	32.763671875	0.09285714285714286
2.796875	-0.04218749999999999	19.84375	0.4607142857142857
2.7724609375	-0.16083984375	31.708984375	0.4857142857142857
5.35546875	0.11601562500000001	83.4765625	0.20357142857142857
4.4375	0.28125000000000006	60.625	0.16071428571428573
4.0859375	0.10546875000000006	85.234375	0.20714285714285716
4.271484375	-0.2478515625	43.92578125	0.5142857142857142
4.7646484375	-0.44912109375000003	36.630859375	0.7071428571428572
4.291015625	-0.3076171875	66.07421875	0.525
5.6142578125	-0.09580078125000002	96.923828125	0.3
3.8076171875	0.28564453125000006	51.044921875	0.16071428571428573
1.7080078125	0.15732421874999997	43.486328125	0.20714285714285716
4.515625	-0.3515625	84.53125	0.5428571428571428
1.927734375	-0.2759765625	12.98828125	0.3142857142857143
4.3203125	-0.44296875	52.890625	0.6571428571428571
5.2529296875	0.025488281250000022	96.748046875	0.23214285714285715
2.943359375	0.18808593749999997	53.76953125	0.2
2.9873046875	-0.38232421875	27.841796875	0.5678571428571428
2.1083984375	0.08525390625000001	16.943359375	0.3392857142857143
4.9453125	-0.10546875	86.640625	0.32142857142857145
1.830078125	-0.4412109375	61.15234375	0.275
5.1162109375	-0.13271484374999998	40.146484375	0.4392857142857143
1.068359375	0.3005859375	87.51953125	0.08928571428571429
3.646484375	0.08964843750000001	10.17578125	0.5535714285714286
3.919921875	0.23730468750000006	20.72265625	0.2571428571428571
3.900390625	-0.2373046875	87.16796875	0.4357142857142857
5.365234375	-0.3322265625	74.86328125	0.5285714285714286
1.693359375	-0.03691406250000001	76.26953125	0.2357142857142857
3.2412109375	-0.02021484374999999	73.896484375	0.26785714285714285
5.0283203125	-0.06064453125000002	18.876953125	0.525
4.1494140625	-0.33837890625	34.697265625	0.6214285714285714
1.8642578125	-0.32080078125	74.423828125	0.2857142857142857
5.0087890625	-0.23994140625000002	38.916015625	0.5285714285714286
1.4296875	0.07734374999999999	76.796875	0.17142857142857143
5.833984375	-0.4166015625	27.05078125	0.7285714285714285
5.541015625	0.3673828125	43.57421875	0.16071428571428573
4.779296875	-0.22675781250000002	16.50390625	0.675
2.875	-0.11249999999999999	43.75	0.3964285714285714
3.0263671875	0.20126953124999997	76.357421875	0.16428571428571428
1.7763671875	-0.02373046875000001	53.857421875	0.2571428571428571
4.896484375	-0.13535156250000002	77.67578125	0.35
4.22265625	-0.383203125	57.4609375	0.6
3.96875	0.42187500000000006	12.8125	0.2571428571428571
5.98046875	-0.446484375	72.2265625	0.6321428571428571
5.6728515625	-0.27509765625000004	76.181640625	0.4857142857142857
4.916015625	-0.1951171875	32.32421875	0.525
3.5390625	-0.30234375	95.078125	0.4857142857142857
5.716796875	-0.05800781249999998	89.62890625	0.2785714285714286
4.8232421875	-0.15029296874999998	10.263671875	0.725
3.490234375	-0.44472656250000003	41.11328125	0.6321428571428571
1.263671875	-0.2408203125	91.03515625	0.1357142857142857
4.701171875	0.37792968750000006	62.91015625	0.1357142857142857
1.2197265625	-0.34541015625	77.587890625	0.125
4.7255859375	-0.006152343750000011	33.115234375	0.3535714285714286
5.0869140625	0.05537109374999999	51.572265625	0.2571428571428571
5.443359375	-0.26191406250000004	98.76953125	0.44642857142857145
5.5849609375	0.007910156250000022	37.333984375	0.32857142857142857
3.509765625	-0.4482421875	18.26171875	0.6464285714285715
5.5751953125	-0.44033203125000003	23.095703125	0.7678571428571429
1.48828125	0.02460937499999999	33.5546875	0.19642857142857142
1.6982421875	0.18720703125	21.513671875	0.23214285714285715
3.6416015625	0.31552734374999997	95.869140625	0.1357142857142857
4.154296875	-0.1142578125	72.75390625	0.34285714285714286
2.904296875	-0.3392578125	95.25390625	0.5071428571428571
3.8759765625	0.35771484375	29.775390625	0.17142857142857143
1.8251953125	-0.21533203125	45.595703125	0.275
1.3369140625	0.28037109374999997	29.072265625	0.15
2.38671875	-0.13710937499999998	24.4140625	0.42857142857142855
5.4384765625	-0.03603515624999998	12.900390625	0.6107142857142858
1.732421875	-0.3814453125	48.84765625	0.25
4.525390625	0.10019531249999997	75.91796875	0.21071428571428572
2.1865234375	-0.15380859375	38.037109375	0.3678571428571429
2.66015625	-0.439453125	29.3359375	0.5071428571428571
1.6298828125	-0.10986328125	11.142578125	0.2357142857142857
5.765625	0.3234375	17.03125	0.2642857142857143
5.0478515625	0.06240234375000003	87.431640625	0.22142857142857142
4.544921875	-0.10019531250000002	54.47265625	0.3678571428571429
5.404296875	0.11074218750000003	50.25390625	0.23214285714285715
1.5908203125	0.33310546874999997	80.751953125	0.1357142857142857
1.791015625	0.1423828125	21.07421875	0.2571428571428571
2.6357421875	-0.31904296875000004	15.888671875	0.5071428571428571
1.76171875	-0.249609375	58.1640625	0.26071428571428573
1.1318359375	-0.31552734375	86.552734375	0.10714285714285714
1.4541015625	0.14677734375	90.244140625	0.16428571428571428
1.4150390625	-0.43681640625	47.353515625	0.17142857142857143
1.8740234375	0.12744140625000006	88.662109375	0.18571428571428572
2.103515625	-0.1388671875	60.44921875	0.3392857142857143
5.58984375	-0.23554687500000002	53.9453125	0.48928571428571427
1.33203125	-0.397265625	70.1171875	0.15
3.060546875	0.08261718749999997	19.31640625	0.3678571428571429
4.2080078125	-0.29267578125000004	88.486328125	0.4857142857142857
3.0654296875	-0.14326171875	57.373046875	0.3821428571428571
1.5859375	-0.34453125	40.234375	0.21071428571428572
1.83984375	-0.010546875000000011	31.4453125	0.28214285714285714
2.6162109375	0.31728515625000003	85.146484375	0.1357142857142857
1.68359375	0.411328125	84.8828125	0.11785714285714285
1.673828125	0.03691406250000001	52.71484375	0.22857142857142856
5.47265625	0.291796875	34.9609375	0.19285714285714287
2.9091796875	0.33486328125000003	48.935546875	0.16071428571428573
5.248046875	-0.19863281249999998	47.44140625	0.4714285714285714
5.6240234375	0.35244140625000003	66.162109375	0.1392857142857143
1.9765625	0.42890625	55.703125	0.125
2.1279296875	-0.08701171875000002	85.498046875	0.29642857142857143
1.09765625	-0.27070312500000004	46.2109375	0.09642857142857143
5.8486328125	-0.13798828125	30.830078125	0.4928571428571429
2.2109375	0.21796875	28.984375	0.21428571428571427
5.3505859375	-0.34365234375	89.365234375	0.525
3.4951171875	0.22939453125000003	79.169921875	0.16071428571428573
5.8095703125	0.19248046874999997	10.439453125	0.5035714285714286
4.6962890625	0.15380859375000006	44.541015625	0.22142857142857142
3.2216796875	-0.28388671875000004	99.560546875	0.45714285714285713
4.9501953125	0.12216796874999997	34.345703125	0.2571428571428571
5.3701171875	0.34189453124999997	22.919921875	0.21071428571428572
4.0224609375	-0.38583984375	54.208984375	0.6107142857142858
2.77734375	0.38320312500000003	14.5703125	0.23214285714285715
5.921875	-0.15468749999999998	98.59375	0.3464285714285714
3.08984375	0.21445312499999997	98.9453125	0.16071428571428573
2.8017578125	0.18544921875000003	57.548828125	0.18928571428571428
1.3515625	-0.13359375	89.453125	0.15357142857142858
5.7216796875	0.16611328124999997	54.560546875	0.20714285714285716
4.671875	0.07031250000000006	31.09375	0.30714285714285716
4.115234375	0.34277343750000006	52.36328125	0.15357142857142858
5.4873046875	0.06767578125000001	72.841796875	0.22857142857142856
4.5009765625	-0.20478515625000002	41.025390625	0.49642857142857144
2.4453125	0.34453125	41.640625	0.16071428571428573
